TShirt,Jeans,Vest,CottonPants,DressShirt,Socks,Cap,Belts
0,0,1,0,0,1,0,1
1,1,0,1,0,0,0,1
0,1,0,1,1,1,1,1
0,0,1,1,1,0,0,1
0,1,1,1,0,1,1,0
1,1,1,1,0,0,1,1
0,0,1,0,0,0,0,1
1,1,0,1,1,0,1,0
0,0,1,0,0,0,1,1
1,0,0,0,0,1,0,0
1,1,1,1,1,0,0,1
0,1,0,0,1,0,0,1
0,0,1,1,0,1,1,1
0,1,0,1,1,1,1,0
1,1,1,0,0,1,1,1
0,1,1,0,0,0,1,1
1,0,1,1,1,1,1,0
1,0,0,1,0,1,1,1
0,0,1,1,0,1,0,1
1,0,1,1,0,1,0,0
0,0,1,1,1,0,0,0
0,0,0,0,1,1,0,0
1,1,0,0,1,1,1,0
0,0,0,0,0,0,0,1
1,1,1,1,1,0,1,1
1,1,0,1,1,0,1,0
1,1,1,1,0,1,0,1
0,1,0,0,0,0,1,1
0,0,1,1,0,1,1,1
0,1,1,1,0,1,0,1
0,0,0,0,1,0,0,0
0,1,1,1,1,0,0,0
0,1,1,0,0,0,1,1
1,1,0,0,0,1,0,1
1,0,1,0,1,0,0,0
0,1,1,1,1,1,0,0
1,0,0,0,1,1,0,1
0,0,0,0,1,1,1,0
0,1,1,1,0,1,0,0
1,1,1,0,0,1,1,0
1,1,0,0,1,1,1,1
1,1,0,0,0,1,0,1
0,1,0,1,1,0,1,1
0,0,0,1,1,0,1,0
0,0,1,0,1,1,0,0
0,1,0,0,1,1,0,0
0,0,0,1,0,0,1,0
0,0,0,1,0,0,1,0
1,1,0,1,0,0,0,1
1,1,0,1,0,1,0,1
0,0,1,1,0,1,0,1
1,0,0,0,0,0,1,1
1,0,0,1,0,1,1,1
0,1,0,1,0,0,0,0
1,0,1,0,0,0,1,0
0,0,0,1,1,0,0,0
0,1,1,0,1,1,0,1
0,0,1,1,1,1,1,1
0,0,0,0,1,1,1,0
1,0,1,1,0,0,0,1
1,1,0,1,0,1,0,0
0,1,1,0,1,1,1,1
1,0,0,0,0,0,1,1
1,1,0,1,0,0,0,0
0,1,0,1,0,1,1,0
0,1,0,0,0,0,0,1
1,0,0,1,1,0,1,0
0,0,1,0,1,0,1,1
1,0,0,0,0,1,0,0
1,1,0,1,0,0,0,0
1,0,0,0,1,0,1,1
0,1,0,1,0,1,1,0
0,0,1,0,1,1,1,0
1,1,0,0,1,0,0,0
0,0,0,0,0,0,1,0
0,1,1,0,1,0,0,0
1,1,0,1,0,0,0,1
0,1,0,1,1,0,0,1
0,1,0,1,1,1,0,1
0,0,1,0,1,1,1,0
1,1,0,0,1,1,1,0
1,1,0,0,0,1,1,0
1,0,0,0,1,0,0,0
0,1,0,1,0,1,1,1
1,1,1,0,1,0,1,0
1,0,1,1,1,0,1,1
0,1,1,1,0,1,0,0
0,1,1,0,0,1,0,0
0,0,1,0,1,0,1,1
0,1,0,0,0,0,0,0
0,1,1,1,1,0,1,1
1,0,0,0,0,1,0,1
1,0,1,1,0,1,0,1
0,1,0,0,1,0,0,1
1,0,0,1,0,1,0,1
0,0,0,1,1,0,1,1
1,0,1,1,0,0,1,0
1,1,1,0,0,1,1,0
1,0,0,0,1,0,0,0
0,0,1,0,0,0,1,0
0,1,1,1,1,1,0,1
0,1,0,1,0,0,0,1
1,1,1,1,1,1,0,0
1,1,0,0,1,1,1,1
0,1,1,1,0,1,1,0
0,0,0,0,0,0,1,1
0,0,1,1,1,1,0,1
1,1,1,1,1,0,1,1
1,0,1,0,1,0,1,1
1,0,1,0,0,1,1,0
0,1,0,0,0,1,1,0
0,0,0,0,0,1,0,0
1,0,1,1,1,0,0,1
1,0,1,0,1,0,1,1
0,1,0,1,0,1,1,0
0,1,0,0,1,0,0,1
0,0,0,0,0,1,1,1
1,0,0,0,0,0,0,0
0,1,1,1,1,1,1,0
0,0,0,1,0,1,0,0
0,1,1,0,0,1,0,1
1,1,0,1,1,1,0,1
1,1,0,1,1,0,1,1
0,1,0,1,1,0,0,1
0,1,1,0,0,1,0,0
0,1,1,0,1,0,0,1
1,0,0,0,0,1,1,1
0,0,1,0,0,0,0,1
0,0,1,0,1,0,1,0
0,1,1,1,0,0,1,0
1,0,0,1,0,0,0,0
0,0,1,0,1,1,1,1
1,0,1,0,1,1,1,1
0,1,0,0,0,0,0,1
1,1,1,0,1,1,0,1
0,0,1,1,1,1,1,0
1,0,1,1,1,0,1,0
1,0,1,1,0,0,1,0
1,0,0,0,1,0,1,0
0,1,1,0,0,1,1,1
1,1,1,0,1,0,0,1
1,1,1,1,1,1,0,0
0,0,1,1,1,1,1,1
1,1,1,0,0,0,0,1
1,1,0,0,0,0,0,1
0,1,1,1,0,0,1,1
0,0,0,1,1,1,1,1
0,0,1,1,0,1,0,0
0,0,1,1,0,0,1,1
1,1,0,0,1,0,0,0
1,1,1,1,0,1,1,0
0,0,0,0,1,0,0,1
0,0,1,1,1,0,0,1
1,1,0,1,0,1,0,0
0,1,1,1,1,0,0,0
0,1,1,0,1,1,0,1
0,0,1,1,0,1,0,1
0,0,1,0,1,0,0,1
1,1,0,0,1,1,1,1
1,1,1,0,0,0,1,0
0,0,0,0,1,0,0,1
1,0,1,0,0,1,0,1
0,1,0,0,0,1,0,0
0,0,0,1,1,1,0,1
1,0,1,1,0,1,1,0
0,1,1,1,1,1,0,1
0,1,0,1,1,0,1,1
1,0,0,0,1,1,0,1
1,0,1,0,1,1,1,0
1,0,1,1,1,0,1,1
1,1,1,0,1,0,0,1
0,0,1,1,0,1,0,1
1,0,0,1,1,0,1,0
1,0,0,0,0,1,1,1
1,0,0,0,1,0,1,0
1,1,1,0,1,1,1,0
1,1,1,1,0,0,0,1
0,0,0,0,0,1,0,1
0,0,1,0,1,0,1,0
0,1,0,1,1,1,0,0
0,0,1,1,1,0,0,0
1,1,1,1,1,1,1,1
1,1,0,1,0,0,1,0
1,1,0,1,1,1,0,0
1,0,1,1,0,1,1,1
0,1,0,1,1,1,1,0
1,0,0,1,0,0,0,0
0,1,1,1,1,0,1,0
1,0,0,0,1,0,1,0
1,0,1,0,0,0,1,1
0,1,0,0,1,1,0,0
0,0,0,0,1,0,1,0
1,1,0,1,1,1,1,0
0,0,0,1,0,1,1,1
0,1,0,1,1,1,0,1
0,1,0,1,1,1,0,0
1,0,0,0,0,1,1,1
0,0,1,0,0,0,1,0
1,0,0,0,0,0,1,1
0,1,1,0,1,0,1,1
1,1,1,0,1,1,1,1
0,1,1,0,0,1,1,0
1,0,0,0,0,0,1,0
0,1,0,1,0,1,0,0
1,1,1,1,1,1,0,0
1,0,1,0,1,1,0,0
0,0,0,1,1,1,1,1
0,0,0,1,0,1,1,1
1,1,1,1,0,0,0,0
0,1,0,1,1,1,0,1
1,0,0,0,0,0,1,0
0,1,1,1,1,0,0,0
1,1,0,0,1,0,0,0
1,1,0,0,1,0,1,0
1,1,1,1,0,1,1,1
1,1,0,0,0,0,0,1
0,0,0,0,0,0,1,0
0,1,1,1,1,0,0,0
1,1,0,0,0,1,1,0
1,0,0,0,0,1,1,0
0,1,1,1,1,1,0,0
1,0,0,0,0,1,0,0
1,0,0,1,1,1,0,1
0,1,1,0,0,1,0,0
0,1,1,1,1,0,0,0
1,0,0,0,0,0,1,0
1,0,0,0,1,0,0,0
0,1,0,1,1,1,1,0
1,1,0,1,0,1,0,1
1,1,0,0,0,0,0,0
1,0,1,0,1,1,0,1
1,0,1,1,1,1,1,1
1,0,0,1,1,1,0,1
0,0,1,1,0,1,0,1
0,0,1,1,0,0,1,1
0,1,1,1,1,1,0,0
1,1,1,1,1,1,0,1
0,1,1,0,1,0,0,1
0,0,0,1,1,1,0,1
1,1,1,1,0,1,1,0
1,1,1,1,1,1,1,1
0,1,0,1,0,1,0,1
1,1,0,0,1,1,1,1
1,1,0,0,1,1,0,0
1,1,1,0,1,0,1,0
1,1,1,0,1,0,1,0
1,1,0,1,0,1,1,1
0,0,0,1,0,1,1,0
0,0,0,0,0,0,1,1
0,0,0,0,1,0,1,1
0,0,1,1,0,1,1,1
0,0,0,0,0,1,1,0
0,1,1,1,1,0,1,1
0,1,1,0,0,1,1,1
1,1,1,1,1,1,0,0
1,0,1,0,1,0,0,1
1,1,1,0,0,0,0,0
1,1,1,1,1,1,1,0
1,1,1,0,1,1,1,1
0,1,1,0,1,1,0,1
0,0,1,0,0,1,1,1
0,1,1,1,1,0,0,1
0,0,0,0,1,0,1,0
1,0,1,0,0,0,1,0
0,0,1,0,0,0,1,1
0,1,1,1,0,0,0,0
1,0,1,0,0,0,0,0
1,0,1,1,1,1,0,0
0,0,1,1,1,1,0,1
1,1,0,0,1,1,1,0
0,1,0,0,0,1,0,1
1,0,1,0,1,1,1,1
1,1,1,0,1,1,1,0
0,1,0,1,0,1,1,0
1,1,0,1,1,0,1,1
1,1,1,1,1,0,1,0
0,0,1,0,0,0,1,1
1,0,1,1,1,0,0,0
1,1,0,0,0,0,1,1
1,0,1,0,1,1,0,1
0,1,1,1,1,0,1,0
0,0,1,1,1,1,0,0
1,0,1,0,0,0,0,0
0,1,0,1,1,1,1,1
1,0,0,0,1,0,0,0
0,0,1,0,1,1,1,1
0,1,0,0,0,0,0,1
0,0,0,1,0,0,0,1
0,0,0,1,1,0,0,1
0,1,1,0,0,1,1,1
1,1,1,1,1,0,1,0
0,1,1,0,0,0,0,1
1,1,1,1,1,0,1,1
0,1,0,1,1,0,1,0
1,0,0,1,1,0,0,1
0,1,0,0,1,0,0,0
1,1,1,1,0,0,0,1
0,0,0,1,0,0,0,0
0,0,1,0,0,1,1,0
1,0,0,1,0,1,1,0
1,0,1,0,0,1,1,1
1,1,0,1,0,1,0,0
0,0,0,1,0,0,0,0
0,1,1,0,0,0,0,0
1,1,0,1,1,1,0,1
1,1,1,1,0,1,0,0
0,0,0,1,1,0,1,0
1,0,0,1,0,0,1,0
0,1,1,1,0,0,1,0
1,1,1,0,0,1,1,0
0,0,1,0,0,1,1,1
0,0,0,0,0,0,0,0
0,1,1,0,1,0,0,0
0,0,0,1,1,1,1,1
1,0,1,1,0,0,1,1
1,0,0,0,1,1,0,0
0,0,1,1,0,0,1,0
1,1,0,0,1,0,0,0
0,0,0,0,1,1,1,0
1,1,1,1,0,0,1,0
1,0,0,0,0,0,1,0
0,0,0,1,1,1,0,0
1,1,0,0,1,0,0,1
0,1,0,0,0,1,0,0
1,0,1,1,1,1,1,1
1,1,0,1,1,1,1,1
1,0,1,0,0,0,1,0
1,0,0,1,1,0,1,0
1,1,1,1,1,0,1,1
1,1,1,0,0,1,0,0
1,0,1,1,0,1,1,0
1,1,1,1,1,0,1,1
1,0,0,1,0,0,1,1
0,1,0,0,0,0,1,1
0,1,1,0,1,0,0,0
1,0,1,1,1,1,0,0
1,0,0,0,0,1,1,1
0,1,1,0,0,1,1,0
0,0,1,1,1,1,1,1
0,1,0,0,0,1,1,1
1,0,0,0,0,0,1,1
1,0,0,1,1,0,1,1
1,1,1,0,1,1,0,0
1,0,1,1,1,0,0,1
0,1,0,0,0,0,1,1
0,1,1,1,1,0,0,1
1,0,0,1,1,1,0,1
1,0,0,1,1,1,1,1
1,0,1,1,0,0,0,1
0,1,1,1,0,1,0,1
0,1,0,1,1,1,1,1
1,1,1,0,1,1,0,1
1,0,0,1,0,1,1,1
0,0,1,0,0,0,0,0
0,1,1,0,0,1,1,0
0,1,1,1,1,0,1,1
1,0,1,1,1,1,1,0
0,1,1,0,1,1,1,0
1,0,0,1,1,0,1,0
0,0,1,0,0,1,0,0
0,1,1,0,1,0,1,0
1,0,0,0,1,1,1,0
1,1,1,1,0,1,0,0
0,1,1,1,0,0,1,0
1,1,1,0,1,0,1,1
0,0,0,0,0,0,1,1
1,0,0,0,1,1,0,1
1,1,0,1,1,0,1,0
0,1,0,1,0,0,0,1
1,0,1,0,1,0,1,1
0,1,0,0,0,0,0,0
0,0,1,0,1,0,1,1
1,0,1,1,1,0,0,1
1,1,1,1,0,1,0,1
1,1,0,0,1,0,1,0
1,1,1,1,0,1,0,0
0,0,1,1,1,1,0,1
0,0,0,1,1,0,0,1
1,1,0,0,0,0,1,0
1,1,0,1,1,0,1,1
0,1,0,0,0,0,0,1
0,1,0,0,0,1,0,1
1,0,1,0,1,0,0,0
1,0,0,0,1,1,0,1
0,0,1,1,1,1,1,0
0,0,1,1,1,1,1,1
0,0,1,0,1,0,1,1
0,0,0,1,1,0,0,1
0,1,1,0,0,1,1,1
0,0,1,0,0,1,0,0
0,1,0,1,0,0,1,0
1,1,1,0,0,0,0,1
1,1,1,1,1,1,0,1
0,1,0,1,0,0,1,0
1,1,1,0,1,1,0,1
0,0,0,1,1,1,0,1
0,1,0,0,0,0,1,1
0,0,0,1,1,0,1,0
1,1,1,1,0,0,1,0
0,1,1,0,0,0,1,1
1,0,0,1,0,1,0,1
1,0,1,0,0,1,0,0
1,1,0,0,1,0,0,1
0,1,1,0,0,1,1,0
1,0,0,1,0,1,1,0
0,1,1,0,1,1,0,0
0,1,0,0,1,0,1,0
1,1,1,0,1,1,0,0
1,1,1,0,1,1,1,1
1,1,1,0,1,1,0,0
0,1,1,0,0,0,0,0
1,1,1,1,0,1,0,1
0,0,1,0,1,1,0,1
1,1,1,0,0,1,0,1
0,1,0,1,1,1,0,0
1,0,0,1,0,0,1,1
0,0,0,1,0,1,1,0
0,0,1,1,0,0,1,1
0,0,1,1,0,1,1,0
1,1,0,0,0,0,1,0
0,0,0,1,1,1,1,1
0,0,1,1,0,0,0,1
0,1,1,1,1,0,1,0
0,0,1,0,1,1,0,1
0,0,0,0,0,0,0,0
1,0,0,1,0,1,0,0
1,0,1,0,0,1,1,1
1,0,0,0,1,1,0,1
0,0,0,1,0,1,1,1
0,1,1,1,0,0,0,1
0,0,1,0,1,1,0,1
0,0,0,0,1,0,1,1
0,0,1,1,1,1,0,1
1,0,1,0,0,1,1,0
1,1,1,0,0,0,1,0
0,1,0,0,1,0,0,0
0,0,1,1,0,1,0,1
0,0,1,0,0,0,0,1
0,0,0,1,1,1,1,0
1,1,1,1,0,1,0,0
1,1,0,0,0,0,1,1
1,0,0,0,0,1,1,0
1,1,0,0,0,1,0,0
1,0,0,0,0,1,1,1
0,1,0,0,1,1,0,0
1,0,1,0,0,1,0,0
0,1,0,0,0,1,0,1
1,1,0,1,1,1,0,0
0,1,0,1,1,1,1,0
0,0,0,1,0,0,1,1
0,0,0,0,1,1,0,1
0,1,0,1,0,0,1,0
1,1,0,1,1,1,0,0
1,0,0,1,1,1,1,0
0,0,1,0,1,0,0,0
1,0,0,1,0,1,0,0
1,0,1,1,1,1,1,0
1,1,1,1,0,1,1,0
1,0,1,1,1,1,0,1
1,1,1,0,1,0,0,0
1,1,1,1,0,1,1,1
0,0,0,1,0,1,1,0
0,1,0,0,0,1,1,0
1,0,1,0,0,0,0,0
0,0,0,0,0,1,1,1
0,0,0,0,0,1,1,1
0,0,1,0,1,1,0,0
1,1,0,1,0,1,0,1
1,1,0,1,0,0,0,1
1,0,1,0,0,0,0,0
1,0,0,1,1,1,0,1
1,0,1,0,1,0,1,0
1,0,0,0,0,1,1,0
0,0,0,0,0,0,1,0
0,1,1,0,1,1,0,1
1,0,0,1,0,1,0,1
0,1,1,1,1,0,1,0
0,0,0,1,1,0,1,1
0,0,0,1,0,1,1,1
1,1,0,1,0,0,1,1
0,0,1,1,0,1,1,1
0,0,1,1,0,0,0,1
1,0,0,0,0,0,0,1
0,0,0,0,0,1,1,0
0,0,1,0,0,0,0,0
0,1,0,0,0,1,0,1
0,0,0,0,0,1,1,1
1,1,1,1,1,1,1,0
1,0,1,0,1,0,1,0
1,1,1,0,1,0,1,0
1,0,0,0,1,1,0,1
1,0,1,1,1,1,0,0
1,0,1,1,0,0,1,0
1,1,1,1,1,1,0,1
0,0,1,1,1,1,0,1
0,0,1,1,1,1,0,0
1,0,0,1,1,1,0,0
0,1,1,0,0,0,0,1
0,1,1,0,1,0,1,0
0,1,1,0,0,0,1,0
0,1,1,0,1,1,0,0
0,0,1,0,0,1,0,1
0,1,1,1,1,1,0,1
0,0,1,1,0,1,1,1
0,1,0,1,0,1,1,0
0,0,1,1,0,1,0,0
1,1,0,1,0,0,1,0
1,1,1,0,1,0,1,1
0,0,1,0,0,1,1,1
0,1,0,0,1,0,1,0
1,0,0,0,0,1,1,0
0,0,1,0,1,1,1,0
0,0,1,1,1,1,1,0
0,1,1,0,1,0,1,1
1,0,1,1,1,1,1,0
0,1,1,0,1,1,0,1
0,1,1,0,0,0,0,0
0,0,0,1,1,1,0,1
0,1,1,1,1,1,1,0
1,1,1,1,1,0,0,1
0,0,0,0,1,0,0,1
1,0,1,1,0,1,1,1
0,0,0,0,0,0,1,1
0,0,0,0,1,0,1,0
0,1,0,1,1,0,1,1
0,0,0,0,1,1,1,1
1,0,1,1,0,0,1,0
0,0,1,1,0,0,1,1
0,1,1,1,0,1,1,0
1,1,0,0,1,1,0,1
0,0,0,1,0,1,0,1
0,0,0,0,0,0,0,0
1,0,0,1,1,1,0,0
1,0,1,1,0,1,0,1
1,1,1,1,0,1,0,0
1,1,0,0,0,1,1,1
0,1,0,0,0,1,0,0
0,1,1,0,0,0,0,1
1,0,0,0,1,1,1,0
0,1,0,0,1,0,1,0
0,1,0,1,0,0,0,1
0,1,0,1,0,0,1,0
0,0,0,1,1,1,0,0
0,1,1,0,0,1,1,1
0,0,0,0,0,0,1,1
0,0,1,1,1,0,1,1
0,1,0,0,0,0,0,0
1,1,0,0,1,0,0,1
0,1,0,0,0,1,1,0
1,0,1,1,0,0,1,0
1,0,0,0,0,1,1,1
0,1,0,1,1,0,0,0
0,1,0,0,1,0,1,0
1,1,1,1,1,1,1,1
1,1,0,0,0,0,1,0
1,0,1,0,1,0,1,0
0,0,1,1,0,0,1,1
0,0,0,1,0,0,1,1
1,1,1,0,0,1,1,1
1,0,1,0,1,1,1,1
0,1,0,1,1,1,1,0
1,1,0,0,0,1,1,0
1,1,1,0,0,0,0,1
1,0,0,1,0,0,0,0
0,1,1,1,0,1,0,1
1,1,0,0,0,0,1,1
0,1,1,1,0,1,0,0
0,1,1,1,0,0,0,1
0,0,1,0,1,1,0,0
1,0,0,0,0,1,1,1
1,0,1,1,0,1,0,0
1,0,1,0,1,0,1,0
1,0,1,0,1,0,1,0
1,0,1,0,0,0,0,0
0,0,0,0,0,1,0,1
1,1,0,0,0,0,1,1
0,1,0,0,1,0,0,0
1,0,1,1,0,1,0,0
0,0,1,0,1,0,0,1
1,0,1,1,0,0,0,1
0,0,0,0,1,1,1,1
1,0,1,1,0,0,1,0
0,0,0,0,0,1,0,1
0,0,1,0,1,0,0,0
1,0,1,1,1,1,1,0
1,0,0,0,0,1,1,0
0,1,1,1,0,1,1,0
0,0,0,1,0,1,1,0
1,1,1,1,0,0,0,0
0,0,0,0,0,0,1,0
1,1,1,1,1,0,0,0
0,1,1,1,0,0,0,0
0,1,0,1,0,1,1,0
0,0,0,1,0,0,1,0
1,0,0,0,0,0,0,0
0,0,0,0,1,0,1,0
0,1,1,1,0,1,0,1
1,0,1,1,1,1,1,1
0,1,1,0,0,0,1,0
0,0,1,1,0,0,0,0
1,1,1,0,1,0,1,1
0,0,0,1,1,1,0,0
1,0,1,1,0,1,1,1
1,0,1,0,1,0,0,1
0,0,0,0,0,1,0,1
0,1,0,1,0,1,0,1
0,0,1,0,1,1,1,1
1,1,1,1,1,0,0,0
1,0,0,1,1,0,1,0
0,1,0,1,0,0,1,0
0,1,1,1,0,0,1,0
1,1,1,0,1,0,1,0
1,0,0,0,1,1,1,1
0,0,0,0,1,1,1,1
0,1,1,0,0,0,1,1
0,0,1,0,1,0,0,1
1,1,1,0,1,0,0,1
1,1,1,0,0,1,1,0
1,1,1,0,1,0,1,0
1,1,0,0,0,1,0,1
1,1,0,1,0,0,1,1
0,0,1,1,1,1,0,0
1,1,1,1,0,0,1,1
0,0,0,0,0,0,1,1
0,0,0,0,1,1,1,0
0,0,0,0,0,1,0,1
1,1,1,1,0,1,1,1
0,1,0,0,0,1,0,1
0,1,0,1,0,1,1,0
1,0,0,1,0,1,1,1
0,1,0,1,1,1,0,0
0,0,0,0,1,0,1,1
1,0,0,0,1,1,0,1
0,0,0,0,0,0,0,1
1,0,1,0,0,0,0,0
0,1,0,0,0,0,0,1
0,1,0,0,1,1,1,0
0,0,0,0,0,1,0,0
1,0,0,0,1,0,1,1
1,1,1,1,1,1,1,0
0,0,0,1,0,1,1,0
1,1,0,1,0,1,0,1
1,0,1,0,0,1,1,1
0,0,1,1,0,0,1,0
1,1,1,0,1,0,0,1
1,0,0,1,1,1,0,1
1,0,0,0,1,0,0,0
0,0,1,1,0,0,1,0
0,0,1,1,1,1,1,0
0,1,1,1,0,0,0,0
0,0,1,0,0,1,1,1
0,0,0,0,0,0,1,0
1,0,0,0,0,1,1,1
1,0,1,0,0,1,0,1
0,0,1,1,1,0,1,0
0,1,0,1,1,0,0,1
1,0,0,0,0,0,1,0
0,1,1,0,0,0,0,1
0,1,0,0,0,1,0,0
1,1,1,1,0,1,1,1
0,0,0,1,1,1,1,1
1,1,1,0,0,0,1,0
0,1,1,0,1,0,0,1
0,0,1,1,0,0,0,0
0,0,0,1,0,0,1,1
1,1,1,0,0,0,1,0
0,1,1,1,0,1,0,0
1,0,1,0,1,1,1,0
0,1,1,0,1,1,1,1
0,1,0,1,0,1,0,1
0,1,1,1,0,0,0,1
1,1,0,1,0,0,1,1
0,1,1,0,1,1,1,1
1,0,1,1,1,0,1,0
1,0,1,0,1,0,0,0
0,0,0,1,0,1,0,1
0,1,1,0,1,0,1,0
1,1,0,1,0,1,0,1
0,1,0,0,0,0,0,1
1,1,0,0,1,1,1,1
0,0,1,0,0,1,1,1
0,1,1,0,1,1,0,0
1,0,1,0,0,1,0,1
0,0,1,1,0,0,1,1
0,1,1,1,0,0,1,0
0,1,1,0,1,1,1,1
0,1,1,1,0,0,1,1
1,0,0,1,0,0,0,0
1,0,0,0,1,1,0,1
0,0,0,0,0,1,1,0
0,0,1,1,0,0,0,0
1,1,0,0,0,0,0,1
1,1,0,0,0,1,1,1
0,1,1,1,0,0,0,0
1,0,0,0,0,0,0,0
1,0,1,0,1,0,0,1
0,0,0,0,1,1,1,0
0,1,0,1,1,1,1,0
1,0,1,1,1,0,1,1
0,0,0,0,1,1,1,0
0,0,0,0,1,0,0,0
0,1,0,1,1,1,1,0
0,0,0,1,0,1,0,0
1,0,0,1,1,0,1,1
1,1,0,1,1,0,0,0
1,1,1,0,1,0,0,1
1,1,1,0,0,1,0,1
1,1,1,0,0,0,0,0
1,1,1,1,0,0,0,0
0,0,1,0,1,0,0,1
0,1,1,0,1,1,1,0
1,1,0,1,1,0,1,0
1,0,0,0,0,1,1,0
0,0,1,0,0,1,0,0
0,0,0,0,0,1,1,1
0,0,1,0,0,0,1,0
1,0,0,1,0,1,0,0
0,1,1,0,0,1,0,0
1,0,1,0,0,0,1,1
0,0,0,1,0,0,0,1
0,0,1,0,1,0,1,1
1,1,1,0,0,1,1,0
1,0,1,0,1,1,1,0
0,1,1,0,0,1,1,0
0,1,0,0,1,1,1,1
1,0,0,0,1,1,0,1
1,0,1,0,1,1,1,1
1,1,0,1,0,1,1,1
0,1,1,0,1,1,0,1
1,1,0,1,0,0,1,1
0,0,1,0,1,1,0,1
1,1,0,1,1,1,0,1
0,0,1,1,1,0,0,1
0,1,1,0,0,1,1,0
1,1,0,0,0,0,0,1
1,0,1,1,1,1,1,0
1,0,0,0,0,1,1,1
0,0,1,1,0,0,0,0
0,1,1,1,1,1,0,0
0,0,1,0,1,0,0,0
1,0,0,1,1,0,0,1
1,1,1,1,1,1,0,0
1,1,0,1,0,1,1,1
1,1,0,0,0,1,1,0
1,1,0,1,0,0,0,0
0,1,1,0,1,1,0,1
0,0,1,0,1,1,1,1
0,0,0,1,1,1,0,0
1,1,0,1,0,1,0,0
0,0,1,0,0,1,0,1
0,1,1,1,1,0,1,0
1,0,1,1,1,1,0,0
1,0,0,0,0,0,0,1
0,0,1,1,0,0,1,1
1,1,1,1,0,0,0,1
1,1,0,1,1,1,1,0
0,0,1,1,0,0,0,1
1,0,0,0,1,0,0,0
0,1,1,0,1,1,1,1
0,0,1,1,0,1,0,0
1,1,1,1,1,0,1,0
0,0,0,0,0,1,0,0
0,1,1,0,0,1,0,1
0,1,0,0,1,1,0,1
0,0,1,1,1,1,1,0
1,1,0,0,1,0,1,0
1,0,0,1,0,1,0,0
0,0,1,0,1,0,0,1
1,1,0,1,0,0,0,0
1,0,1,0,0,0,1,0
1,1,0,1,0,0,1,1
1,1,0,1,1,1,1,0
0,0,0,1,0,0,1,1
0,1,1,1,0,1,0,1
1,0,1,1,0,1,0,1
1,0,0,1,0,1,1,0
1,0,0,0,1,1,1,1
0,1,1,1,0,0,0,0
0,0,0,0,1,1,0,1
1,1,1,0,1,1,0,1
0,0,1,0,0,0,0,0
1,0,0,0,0,0,0,1
1,0,1,0,0,1,0,1
0,0,1,1,1,1,0,0
0,0,0,1,1,0,1,1
1,0,0,0,1,0,1,0
0,0,1,1,1,0,1,0
1,0,0,0,0,0,0,1
0,1,0,1,1,1,0,1
1,0,1,1,0,1,0,1
1,1,0,0,0,0,1,1
1,0,0,0,1,0,0,0
0,1,0,1,1,1,1,0
1,0,1,0,0,0,1,1
0,1,1,1,1,1,1,0
0,1,1,1,1,1,1,1
1,1,0,0,1,1,0,1
0,0,0,0,1,0,1,1
0,1,1,1,1,1,0,1
1,0,0,1,0,0,0,0
1,1,0,1,0,0,0,1
0,1,0,1,1,1,1,1
0,0,1,1,1,1,0,1
0,0,1,1,1,0,0,1
1,0,1,1,0,1,1,1
1,1,0,0,1,1,0,1
1,0,1,0,0,0,1,1
1,0,0,0,1,1,1,1
0,0,0,0,1,0,0,1
0,1,0,1,0,1,0,0
0,0,0,1,0,1,0,0
1,1,0,1,1,1,0,1
1,0,1,0,1,1,1,0
1,1,0,1,1,1,1,0
0,0,1,0,1,1,1,1
1,0,0,1,1,0,1,0
1,0,0,1,1,1,1,0
1,0,1,0,0,0,1,0
1,0,1,1,0,1,0,0
0,1,1,1,0,1,1,1
0,1,0,1,0,1,0,1
1,0,1,1,0,0,1,1
0,0,0,1,0,0,0,1
1,1,0,0,1,1,0,1
1,0,0,1,1,1,1,1
1,0,1,1,0,1,1,0
1,1,1,1,0,0,0,1
0,1,0,1,1,1,0,1
1,1,1,0,1,1,1,0
0,1,1,1,0,0,1,0
1,1,1,1,0,1,0,0
0,0,0,0,0,0,0,1
0,1,0,0,1,1,0,1
1,1,0,1,0,0,1,0
1,1,0,0,0,1,0,1
1,0,0,0,0,1,1,1
1,0,1,0,0,0,1,1
1,1,0,1,1,0,1,1
0,1,1,0,1,0,0,0
0,1,1,1,0,1,1,1
0,1,1,1,0,0,0,0
1,0,0,0,0,1,0,0
1,0,0,0,1,0,1,0
0,1,1,0,1,0,1,1
1,0,0,1,1,0,0,0
1,1,0,1,1,1,0,1
1,0,0,0,0,1,0,1
1,0,1,0,0,0,0,0
0,1,1,0,1,1,1,1
0,0,1,0,0,0,0,0
0,1,1,1,1,0,1,0
1,1,0,1,0,1,0,0
1,1,0,0,0,1,1,1
1,1,0,1,0,1,1,0
1,0,0,1,0,1,1,0
0,1,1,0,1,0,1,0
0,1,1,0,0,1,1,0
0,1,1,0,0,0,1,1
1,0,0,0,0,1,1,1
0,0,0,1,1,1,1,1
1,0,1,1,0,0,0,0
0,0,0,0,0,1,0,1
1,0,0,1,0,0,1,1
0,0,0,1,1,0,0,1
0,1,1,1,1,1,1,1
1,1,0,1,0,0,0,1
0,1,0,0,0,0,0,0
1,0,1,0,1,1,1,0
1,0,1,0,0,1,1,0
0,1,1,0,0,1,0,0
1,1,0,1,0,1,0,1
0,0,0,0,1,1,0,0
0,0,0,1,1,0,0,0
0,1,1,0,0,1,1,0
0,1,0,1,1,0,1,0
0,0,1,0,1,1,1,0
0,1,1,1,0,0,1,0
0,1,0,0,0,0,0,1
1,0,0,1,1,1,1,0
0,1,0,0,1,1,0,1
1,1,1,0,1,1,1,0
1,1,0,0,0,1,0,0
0,0,1,1,1,1,1,0
0,1,1,1,0,1,0,0
1,1,1,0,0,0,0,0
1,1,1,1,1,1,1,1
1,1,0,1,1,0,0,1
0,1,0,0,1,1,0,0
1,0,1,0,1,1,0,1
1,1,1,0,1,1,1,0
0,1,1,0,1,1,1,1
1,0,0,1,0,1,0,0
0,1,0,0,0,0,1,1
0,0,1,0,0,0,1,1
1,1,1,0,0,1,0,0
1,1,0,0,1,1,1,0
1,0,1,1,0,1,1,1
0,0,0,1,1,0,1,1
1,1,0,1,0,0,0,0
0,1,1,0,0,1,0,0
1,0,1,0,0,1,0,1
1,0,1,1,0,0,1,1
0,0,0,0,1,1,0,1
0,1,0,0,1,0,1,1
1,0,0,1,1,0,1,0
0,0,1,0,0,1,1,0
1,0,1,1,0,0,1,0
1,1,1,1,1,0,1,1
1,1,1,1,1,1,1,1
0,1,1,0,0,0,1,0
0,1,0,0,1,1,0,0
1,1,1,0,1,0,1,0
0,0,1,0,1,0,0,0
1,0,0,1,0,1,1,0
0,1,0,1,0,1,0,1
1,1,1,0,0,1,0,1
1,1,0,1,1,1,0,1
0,1,0,0,0,1,1,1
1,1,1,0,0,1,0,1
0,1,1,0,0,1,1,0
0,1,0,0,0,0,0,0
0,1,1,0,0,1,1,0
1,1,0,0,1,1,1,1
1,1,0,1,0,0,0,0
1,1,0,1,1,0,0,0
0,0,0,1,0,0,1,1
1,1,0,1,1,1,0,0
0,0,1,1,1,1,0,1
1,1,0,1,0,0,1,1
1,1,1,0,0,1,1,0
1,0,0,0,1,1,0,0
0,0,1,0,0,0,1,0
1,1,0,0,0,1,1,1
1,1,0,1,0,0,0,1
1,0,1,0,0,1,0,0
0,1,1,0,0,1,0,0
0,0,1,1,1,0,0,1
0,1,1,1,1,0,0,1
1,1,1,0,0,0,1,0
0,0,1,1,0,0,1,1
0,1,0,0,1,0,0,1
1,1,0,0,0,0,1,0
0,0,1,1,1,0,1,0
0,1,1,1,1,0,1,1
1,0,1,1,0,1,0,1
1,0,0,1,1,0,0,0
0,1,0,0,1,1,1,1
1,0,0,1,0,0,0,0
1,0,1,1,1,0,0,0
1,0,0,0,1,0,0,1
0,1,0,1,1,0,0,0
1,1,1,0,0,1,1,1
1,1,0,1,1,1,0,1
0,1,1,0,1,1,0,1
0,0,1,1,0,1,0,1
1,1,0,1,0,1,0,0
1,0,0,0,1,0,1,1
0,0,1,0,1,0,1,1
0,0,0,0,1,1,0,1
1,0,1,1,1,1,0,1
0,1,1,1,0,1,0,0
0,0,1,1,1,0,1,1
0,1,0,1,1,1,0,1
1,0,1,0,0,1,1,1
0,1,1,0,0,1,1,1
1,1,0,1,1,1,1,1
0,1,0,1,1,0,1,1
0,1,0,1,1,0,0,1
0,1,1,0,0,1,1,1
1,1,1,1,0,1,1,0
1,0,1,0,0,0,0,0
0,0,0,1,1,1,1,1
1,0,1,1,1,0,1,1
0,0,0,0,0,1,0,0
1,1,0,1,1,0,1,0
1,0,0,0,0,0,0,0
1,1,0,0,0,0,0,1
0,1,0,1,1,0,1,0
0,0,1,1,1,0,0,1
1,0,0,1,1,0,1,0
1,1,0,0,1,0,0,0
0,1,0,1,0,1,1,0
1,1,1,0,0,1,1,0
0,0,1,1,0,0,1,1
1,0,1,0,1,0,1,1
0,0,0,0,0,0,0,1
1,1,1,1,0,1,0,1
1,0,1,1,0,0,1,0
0,1,0,1,0,0,1,0
1,0,0,1,0,0,1,0
0,0,1,1,1,1,1,1
0,1,0,1,0,0,0,0
0,0,1,0,0,0,0,0
1,1,0,1,1,1,0,1
1,1,0,0,1,0,0,0
1,1,0,0,0,0,1,0
1,1,0,1,1,0,1,0
1,0,1,0,1,1,1,0
0,0,1,0,1,0,0,1
1,1,1,1,0,0,0,0
1,1,0,0,0,1,1,1
1,0,1,1,1,1,0,0
0,1,0,0,0,1,1,1
1,1,1,1,0,1,0,0
1,1,1,1,0,1,0,0
1,0,1,1,1,0,1,1
1,0,1,1,0,0,0,0
1,1,0,1,1,1,1,0
1,1,0,1,1,1,1,1
0,1,0,0,1,0,1,0
1,0,1,0,1,0,0,0
0,0,1,1,1,1,0,1
0,0,0,1,0,1,1,1
0,0,1,0,0,1,1,0
0,1,0,1,1,0,1,0
0,0,0,1,0,1,1,0
1,0,1,0,0,0,0,0
0,1,0,1,1,1,1,1
1,1,0,1,0,1,1,1
0,0,1,0,1,0,1,1
1,0,1,1,1,1,1,0
0,0,1,0,1,0,0,1
1,0,0,0,1,1,0,0
0,0,1,1,0,0,1,1
1,0,0,1,1,0,0,0
1,1,1,0,1,0,1,1
1,1,0,0,0,1,1,0
1,1,1,0,0,1,0,0
0,0,1,0,0,1,0,0
0,1,1,1,0,1,0,1
1,1,0,0,0,1,0,0
0,0,1,0,1,0,1,1
1,0,1,0,1,0,0,0
0,1,1,1,0,0,0,1
0,1,0,0,0,1,1,1
0,1,0,0,1,0,0,1
0,1,1,1,0,0,0,1
0,1,1,1,0,0,1,0
1,1,0,0,0,1,0,0
0,1,0,0,1,0,1,0
0,1,0,0,1,0,0,1
0,0,1,0,0,0,1,1
1,1,1,0,1,1,1,1
0,0,0,1,0,1,0,0
0,1,0,0,0,0,0,0
1,0,0,1,1,1,0,1
1,0,1,1,1,1,0,0
1,0,1,1,0,1,0,1
0,0,0,0,1,0,0,1
1,0,0,1,0,1,1,0
0,1,1,0,1,1,1,1
0,0,0,0,1,0,0,1
0,0,1,1,1,1,1,1
0,0,0,1,0,0,1,0
0,1,1,0,1,0,0,1
0,1,1,1,0,1,1,1
0,0,0,1,1,1,1,0
0,0,1,1,1,0,1,1
1,1,0,1,0,0,1,1
1,1,0,1,0,0,1,1
1,0,0,1,1,1,1,0
1,1,1,0,0,0,1,1
1,0,0,1,1,1,1,1
1,1,1,1,1,1,1,1
1,1,1,1,1,0,1,1
1,0,1,1,0,1,0,1
0,0,0,0,1,1,0,0
1,1,0,0,1,1,0,0
1,0,0,1,1,0,1,0
1,0,1,0,1,0,0,1
1,0,1,0,0,0,1,0
1,0,0,0,0,0,1,0
1,0,0,1,1,0,1,0
0,0,1,0,0,1,1,0
0,0,1,1,1,1,0,0
1,0,1,0,0,0,0,0
0,0,1,1,0,0,0,0
0,0,0,0,0,1,1,1
0,1,1,0,0,0,0,1
0,1,0,0,0,1,0,1
0,1,1,1,0,1,0,1
1,0,1,0,0,0,0,0
0,0,1,1,0,1,1,0
1,0,1,0,0,1,0,0
1,0,0,0,0,0,0,1
1,1,1,0,0,0,1,1
1,0,0,1,0,1,0,1
1,1,1,1,1,0,0,1
1,1,1,1,1,1,0,0
0,0,0,0,0,1,1,1
0,1,1,0,0,0,1,0
0,1,0,1,1,1,1,1
0,1,1,1,0,1,1,1
1,0,0,1,1,0,1,1
1,0,0,0,1,1,0,0
1,0,1,1,0,0,0,0
0,1,0,0,0,0,0,1
1,1,1,0,0,0,1,1
0,0,1,1,0,0,1,0
0,0,1,0,0,0,0,1
1,0,1,1,1,1,0,1
1,0,1,1,0,0,0,0
0,0,0,1,0,0,1,1
0,1,1,1,0,1,1,1
1,0,1,0,0,0,0,0
1,0,1,1,1,1,1,0
0,1,1,1,1,1,0,0
1,1,1,0,0,1,0,1
0,1,0,0,0,1,1,0
1,0,1,1,0,0,0,0
0,0,1,0,1,1,1,1
1,1,1,0,0,0,1,0
1,1,1,0,1,1,0,1
0,0,1,1,1,1,0,0
1,0,0,1,1,0,1,0
1,1,1,1,1,0,0,1
0,1,1,0,0,0,0,0
1,1,1,1,1,0,1,0
0,0,0,1,1,0,0,0
1,1,0,0,0,1,1,1
0,0,1,0,0,0,0,0
0,1,0,0,0,0,1,1
0,1,1,0,0,0,0,0
1,0,1,1,0,1,1,0
1,0,0,1,0,1,0,1
1,1,0,0,1,1,0,1
0,0,1,0,0,0,0,0
0,1,0,1,1,0,1,0
1,0,0,1,0,0,0,1
0,0,1,0,0,0,1,0
1,0,0,0,1,1,0,1
0,0,0,0,0,1,1,0
0,0,1,0,0,1,0,0
0,0,0,0,1,1,1,0
0,0,0,0,1,1,1,0
1,1,1,0,0,0,0,0
1,1,0,1,1,0,0,1
1,0,0,0,0,0,0,0
1,1,1,1,0,1,0,1
0,0,1,1,1,0,0,0
1,0,0,1,0,1,0,0
0,0,0,0,0,1,0,0
0,0,1,0,1,1,0,0
0,0,0,0,0,0,0,1
0,1,1,1,0,0,0,0
0,0,1,0,0,1,0,0
1,0,1,1,1,1,1,1
0,1,0,0,1,0,0,0
0,0,1,0,1,0,1,1
1,1,1,1,1,0,1,1
1,1,0,1,1,0,1,1
1,1,0,0,1,0,1,1
0,0,1,0,0,0,0,1
1,1,0,1,1,1,0,1
1,0,0,0,0,1,1,0
0,1,0,0,0,1,0,0
1,0,1,1,1,1,1,1
1,0,0,1,0,1,1,1
0,1,1,0,1,0,1,0
1,0,0,0,1,0,0,1
1,0,1,1,1,1,0,1
1,0,0,1,0,1,1,1
1,1,1,0,1,0,0,1
0,1,1,0,1,1,1,0
0,0,0,0,0,1,1,0
0,0,0,0,0,0,1,0
1,0,1,0,1,0,1,1
0,1,1,0,0,1,0,0
1,1,0,1,0,0,0,0
1,0,1,1,0,0,1,0
0,0,1,1,1,1,1,0
1,1,0,0,1,1,1,0
0,1,0,0,1,1,0,0
0,0,0,1,0,0,1,0
1,1,1,1,1,0,1,0
1,0,0,0,0,1,1,1
0,0,0,1,0,0,1,1
1,0,0,1,1,1,0,0
1,0,1,0,1,0,0,0
1,1,1,1,0,0,0,1
0,1,1,0,0,1,0,1
0,1,1,0,1,1,0,1
0,0,1,1,0,1,1,0
0,1,0,0,0,1,1,1
0,1,0,1,0,0,0,1
0,0,0,0,0,0,0,1
1,1,1,1,1,1,1,1
0,0,1,1,1,0,1,1
0,1,1,0,1,1,1,0
0,0,0,0,1,0,1,0
1,1,1,0,1,0,1,1
1,1,0,1,0,0,0,0
0,0,0,0,1,0,0,0
1,1,0,1,1,1,1,1
1,0,1,0,1,1,0,1
0,0,0,0,1,1,1,1
1,0,1,0,0,0,1,1
1,1,0,1,0,0,0,1
0,0,1,1,1,1,0,0
1,0,1,1,1,1,1,0
0,1,1,0,1,1,0,1
0,0,0,1,0,1,1,0
0,1,1,0,0,0,1,0
1,1,0,0,0,1,0,1
1,1,1,0,1,0,0,0
0,0,0,0,0,0,0,1
1,1,1,0,0,1,1,0
0,0,1,0,0,0,0,1
1,1,1,0,1,1,1,0
1,1,0,0,1,0,0,0
0,0,0,0,0,1,1,1
1,0,1,1,0,1,0,1
0,0,0,1,1,1,0,0
0,1,0,1,1,1,0,1
1,0,0,0,1,1,0,1
0,1,1,0,1,1,0,1
0,1,0,0,0,0,1,0
1,1,0,0,0,0,0,0
1,1,1,0,1,1,1,1
0,1,0,1,1,0,0,0
1,0,0,0,0,1,1,0
0,0,0,1,1,1,1,0
1,0,1,0,0,0,1,0
1,1,0,0,0,1,1,1
0,1,0,0,0,1,0,1
0,0,0,0,0,0,1,0
0,1,1,1,1,1,0,0
0,0,1,1,0,1,0,1
0,0,1,0,0,1,0,1
0,0,1,0,1,1,1,0
1,1,1,0,0,0,0,0
0,0,0,0,0,0,1,1
1,0,1,0,1,0,1,1
1,0,0,1,0,0,0,0
1,0,0,0,0,1,0,1
1,0,0,0,0,0,0,0
1,1,0,0,1,0,1,1
1,1,1,0,0,0,0,1
0,1,0,1,0,1,0,1
1,1,1,1,0,0,1,1
1,1,1,0,1,0,0,0
1,0,1,0,1,1,1,0
0,1,0,1,1,1,0,0
0,0,0,1,1,1,1,0
1,0,0,1,1,1,1,1
0,1,1,1,0,0,0,1
1,0,0,0,0,1,1,0
0,1,1,1,1,0,1,0
0,1,1,0,1,1,1,0
0,0,1,1,0,1,1,1
1,1,0,1,0,0,1,0
1,1,0,0,0,0,1,1
1,0,0,1,1,0,0,0
1,0,1,0,0,0,0,0
0,0,0,0,1,1,1,1
1,1,1,0,1,1,1,1
0,0,0,1,1,1,0,1
1,0,0,1,1,0,1,1
1,0,1,1,0,1,0,0
1,1,0,0,0,0,1,0
1,1,1,1,1,1,1,0
1,1,0,0,0,1,0,1
1,0,0,0,1,0,0,1
0,0,0,1,1,0,0,0
0,1,0,1,1,0,0,0
0,1,1,1,1,1,1,1
0,0,1,1,1,0,0,1
0,1,1,1,0,0,0,0
1,0,1,1,0,1,1,0
0,0,1,1,1,0,0,0
1,1,1,1,1,0,0,0
0,0,0,1,0,1,1,0
0,0,0,0,1,1,0,1
0,1,0,0,0,0,0,0
0,0,1,1,1,0,1,0
0,0,0,1,1,1,0,1
0,0,0,1,0,0,0,0
1,1,1,0,1,1,1,0
1,0,0,0,1,1,0,0
1,0,0,1,1,0,1,1
0,1,0,0,1,1,1,0
0,1,0,1,0,0,0,1
0,0,0,1,0,0,0,0
0,0,1,0,1,1,0,1
0,0,0,1,0,1,1,0
1,0,1,0,0,1,1,0
0,1,0,1,0,0,1,1
0,1,1,0,1,1,0,0
1,0,1,1,1,0,0,0
0,0,1,1,0,0,0,0
1,0,0,0,1,1,0,0
0,1,1,0,0,1,1,0
0,0,0,0,0,1,1,0
0,1,1,0,0,1,1,0
0,1,1,0,1,0,0,1
1,0,1,1,0,0,1,0
0,1,0,1,0,0,1,1
0,0,0,0,1,1,0,1
1,0,0,1,1,0,1,1
1,1,1,1,1,0,0,1
0,1,0,1,0,1,1,1
1,1,0,0,0,0,0,0
0,0,0,0,0,1,0,0
1,0,0,1,0,1,1,1
0,1,1,0,0,0,0,1
0,1,0,1,1,1,0,0
0,1,0,1,1,0,0,1
1,1,0,0,0,1,1,0
0,1,1,1,1,0,0,0
0,1,1,1,0,0,1,0
0,0,1,0,1,0,0,0
1,0,1,0,1,1,1,0
0,0,0,1,1,1,1,1
1,1,0,1,0,1,1,1
0,1,0,1,0,0,1,0
1,1,0,1,0,0,1,1
1,0,0,1,0,0,1,1
1,0,1,1,0,1,1,0
1,0,1,1,0,1,0,1
0,0,0,1,1,1,1,0
0,0,0,1,1,0,0,1
1,1,0,1,1,0,1,0
1,1,1,1,1,0,1,0
0,0,1,1,1,1,0,1
0,0,1,1,1,0,0,0
0,1,0,1,1,1,0,1
1,0,0,1,0,0,1,1
1,0,0,0,1,1,1,1
0,0,1,1,1,0,0,0
0,1,0,1,0,1,0,1
1,0,1,0,1,0,0,0
1,1,0,1,0,0,1,1
0,0,0,1,1,1,1,1
1,0,0,1,0,1,1,1
0,0,1,1,1,0,0,1
0,1,0,0,0,1,1,0
1,0,1,0,1,0,0,0
0,0,1,1,1,0,0,1
1,1,0,1,0,1,0,1
1,0,0,0,0,1,1,0
0,0,1,0,0,0,0,1
1,0,1,1,1,0,0,0
1,1,1,1,0,1,1,0
1,0,0,0,1,0,1,0
0,0,1,1,0,0,1,0
0,0,0,1,0,0,0,0
1,0,1,0,0,0,0,0
1,1,0,0,1,1,1,0
1,1,0,0,1,0,0,0
0,1,1,1,0,0,1,1
1,0,1,0,1,0,0,0
0,1,1,1,0,0,1,0
0,0,1,1,0,1,1,1
0,0,0,1,0,1,1,0
0,1,0,0,0,1,1,1
0,1,0,1,0,1,1,1
0,0,0,0,0,0,0,0
0,1,0,0,0,1,0,1
1,0,1,1,0,0,0,1
1,0,0,1,1,1,1,0
0,1,0,1,1,1,0,1
0,1,0,0,1,1,0,1
0,1,1,0,1,0,0,0
1,0,1,0,0,0,1,0
0,0,1,1,1,0,0,0
1,0,1,0,1,0,1,1
0,1,0,1,0,1,0,0
1,0,1,0,1,1,1,0
1,1,1,0,0,1,0,0
1,0,0,1,0,0,1,0
0,0,0,1,0,1,1,0
0,1,0,0,0,1,1,1
1,0,1,0,1,0,1,1
0,0,0,1,1,1,0,1
1,1,1,0,1,0,1,0
0,0,1,0,0,0,1,0
0,0,0,1,1,1,0,0
0,1,1,1,0,1,0,0
0,1,0,1,0,0,1,0
1,0,0,0,0,1,0,1
0,1,0,0,0,1,0,1
1,0,0,0,1,1,1,0
1,1,1,1,1,1,0,0
0,0,1,1,1,1,0,0
0,0,0,1,0,0,1,0
0,1,0,1,0,1,0,0
0,0,1,1,0,1,0,0
1,1,0,1,1,0,1,0
0,1,1,0,1,0,1,1
1,0,1,0,1,1,0,0
1,1,1,1,0,0,0,0
1,1,0,0,1,1,0,1
0,0,0,0,0,0,0,0
0,1,1,1,1,1,1,1
1,0,0,0,0,1,0,1
1,0,0,1,0,0,0,0
0,1,1,0,0,0,1,0
1,1,1,0,0,1,0,1
1,1,1,1,1,1,0,1
0,1,0,1,1,0,1,0
1,0,1,1,1,0,1,1
1,1,1,1,0,1,1,0
0,0,0,1,1,0,0,0
0,1,1,0,1,1,0,0
0,1,1,1,1,1,0,1
1,1,1,0,0,0,0,0
1,1,1,1,1,1,1,1
0,0,1,0,1,1,1,1
1,1,1,1,0,0,1,1
0,0,1,0,1,0,1,1
0,0,1,0,0,0,0,0
1,1,0,1,1,1,1,1
0,0,1,1,1,0,0,1
1,0,0,1,1,1,0,1
0,1,1,1,0,1,1,0
0,1,0,1,0,0,1,1
0,0,0,1,0,1,0,0
0,0,0,1,1,1,1,0
1,1,0,1,1,1,0,1
0,1,1,0,0,1,1,0
1,0,1,1,1,1,1,0
1,0,0,0,1,0,1,0
0,1,0,0,1,0,0,1
1,1,0,1,1,0,0,1
0,1,0,0,0,1,1,0
1,0,1,0,1,1,1,0
0,0,0,1,0,1,0,0
0,1,1,1,0,1,0,1
0,1,0,1,1,0,1,0
0,0,0,1,1,0,1,1
1,0,0,1,1,1,1,0
0,0,0,0,0,0,1,1
0,1,1,0,1,1,1,1
1,1,1,1,0,1,0,1
1,0,0,0,0,0,0,0
0,1,1,0,0,1,1,1
1,0,0,0,0,0,0,0
0,1,1,0,1,0,1,1
0,1,1,1,0,0,0,0
0,1,0,1,1,0,0,1
1,0,0,0,1,1,1,0
0,0,0,1,0,1,1,1
0,0,1,1,1,1,1,0
1,0,1,0,0,1,0,1
0,1,1,0,0,1,1,0
1,1,0,1,0,0,0,1
0,1,0,1,1,1,1,1
0,1,0,0,1,0,0,0
1,0,0,1,0,0,0,1
0,1,0,1,1,1,1,0
1,0,0,1,0,0,1,0
1,0,0,0,1,0,0,1
1,1,1,1,1,1,1,1
0,0,1,1,0,0,1,0
1,1,0,1,0,1,0,1
0,0,0,1,1,1,0,0
0,1,1,0,0,0,1,1
0,1,0,1,0,0,1,1
1,0,0,1,1,1,1,1
0,1,1,1,1,1,1,0
0,0,1,1,1,1,1,0
1,1,1,1,1,1,1,0
1,0,1,1,0,0,0,1
1,0,0,1,1,1,1,1
0,0,1,1,0,1,1,0
1,1,1,1,0,0,1,1
0,1,1,0,1,1,1,1
1,1,0,1,1,0,0,0
0,0,1,0,1,0,0,1
0,0,0,1,1,0,0,1
1,1,0,0,0,0,0,1
1,1,1,1,1,0,1,1
1,0,0,0,0,1,1,0
0,1,1,1,0,0,1,0
0,0,1,1,1,0,0,0
1,1,1,1,1,1,1,1
1,0,0,0,1,1,0,1
0,1,1,0,0,1,0,0
1,1,0,1,1,0,0,1
1,1,1,0,1,1,0,1
0,1,0,1,0,0,1,0
1,1,1,1,1,1,0,0
1,0,0,1,0,0,1,0
0,0,0,1,0,0,1,0
0,0,0,1,1,1,0,0
0,0,1,1,1,1,0,1
0,0,1,0,0,1,1,1
0,0,1,1,1,1,1,0
1,1,1,1,0,1,0,0
1,0,0,1,1,0,0,0
0,0,1,0,1,0,1,0
0,0,1,0,0,0,1,1
1,0,0,0,0,0,1,0
1,1,0,1,0,1,0,0
1,0,0,0,1,1,1,1
1,1,0,1,1,1,1,0
0,1,0,0,0,1,0,0
0,1,0,1,0,1,0,1
0,0,0,0,1,0,0,0
1,1,0,0,0,0,1,0
1,1,1,1,0,1,1,1
1,1,0,0,0,0,1,0
0,1,0,1,1,0,1,1
0,1,0,0,1,1,1,0
1,1,1,1,1,1,0,1
1,0,1,1,0,0,1,0
0,1,1,0,1,0,1,1
0,0,0,0,1,1,0,0
1,0,1,0,0,0,1,1
0,0,1,1,1,1,1,1
0,1,1,0,0,0,0,0
0,0,1,0,1,1,1,0
0,1,0,1,0,1,0,1
0,1,1,1,0,1,0,1
0,1,0,0,0,0,0,1
0,1,0,0,0,0,1,1
1,0,0,1,0,1,1,1
1,0,1,1,1,0,0,0
1,0,1,0,0,0,0,0
1,1,1,0,1,1,0,0
1,1,0,0,1,0,0,1
1,0,0,1,1,1,0,1
0,0,1,0,0,1,0,0
1,0,0,1,0,0,1,0
0,1,0,0,0,0,0,0
0,1,1,0,1,0,1,1
0,1,0,1,1,1,0,1
1,0,1,1,1,0,0,0
1,1,1,0,0,0,0,0
1,1,1,0,0,0,1,0
1,1,1,1,1,0,1,1
1,1,0,0,1,1,1,0
1,1,1,0,1,0,1,1
0,0,1,0,1,1,0,1
1,1,0,1,0,0,1,0
1,1,0,0,1,1,1,1
0,0,1,0,0,0,0,1
0,1,1,1,0,0,1,1
1,1,1,0,0,1,0,1
1,1,0,1,1,1,0,0
1,1,1,1,0,1,1,0
1,0,0,1,0,0,1,1
0,0,1,0,0,0,1,1
0,1,0,1,0,1,0,1
1,0,0,1,1,0,0,0
1,1,0,0,0,0,0,1
1,1,0,1,1,1,1,1
0,0,1,0,0,0,0,1
1,1,1,1,1,0,0,0
0,1,0,0,1,0,0,1
0,1,1,1,0,0,1,1
1,0,1,1,0,0,0,0
1,1,1,1,0,0,1,1
1,1,1,1,0,0,1,1
1,1,1,1,0,0,0,1
1,1,1,0,0,0,1,1
1,1,1,0,0,0,0,0
0,1,1,0,0,1,1,0
1,0,1,0,0,1,0,1
0,1,0,0,1,1,1,1
0,0,1,0,0,1,0,1
1,0,0,0,0,0,0,0
1,1,1,1,0,1,1,1
0,0,1,0,0,1,1,0
0,0,0,0,1,1,1,0
0,1,1,0,1,1,1,0
1,1,0,1,0,1,0,0
1,1,1,0,0,1,0,1
0,0,1,1,0,0,1,0
1,1,0,0,1,0,0,1
0,1,0,1,1,0,0,0
1,1,1,0,0,0,0,1
0,0,1,0,0,0,0,0
0,0,1,1,1,1,0,0
1,0,0,0,0,1,1,1
1,1,1,1,0,0,0,0
1,1,0,0,0,1,1,1
1,0,0,1,0,1,0,1
0,0,1,0,0,1,1,0
0,1,0,0,0,0,1,0
0,0,1,0,0,1,0,0
0,0,1,0,0,1,1,0
1,1,0,1,0,1,1,1
1,0,0,1,1,0,0,1
1,1,1,1,1,1,1,1
0,1,1,1,0,1,1,0
0,1,0,0,0,0,0,0
0,1,0,1,0,1,1,1
1,1,0,1,0,1,0,1
0,0,0,0,1,0,0,1
1,0,1,0,0,1,1,1
0,0,1,0,0,1,0,1
1,0,1,1,0,0,0,1
0,1,1,0,0,1,1,1
1,0,1,0,1,1,0,1
1,0,0,0,0,0,0,0
0,0,1,0,1,1,0,0
1,1,0,1,0,0,1,0
0,1,0,1,1,1,1,0
1,1,0,1,0,1,1,1
0,0,0,0,0,0,0,0
1,1,1,0,0,0,0,1
1,1,1,1,1,0,1,1
1,0,0,0,1,1,0,0
0,1,0,0,0,0,0,1
0,0,0,1,1,0,1,0
0,1,1,0,0,0,0,0
1,0,0,1,1,1,0,0
1,1,0,1,1,1,0,1
0,1,1,1,0,0,1,1
0,0,0,1,1,0,0,1
0,0,1,0,1,1,0,0
1,1,1,0,1,0,0,0
0,1,1,0,1,1,1,1
1,1,1,1,0,1,0,0
1,0,1,1,0,1,0,1
0,0,0,0,0,1,1,0
0,1,0,1,1,1,0,0
0,1,0,0,0,0,0,1
1,1,1,0,1,0,0,1
0,1,1,0,0,1,1,0
1,1,1,1,0,0,0,1
1,1,1,0,1,0,0,0
1,1,0,1,0,0,0,0
0,0,1,0,0,1,1,0
1,0,1,1,0,0,1,1
0,1,0,1,1,1,1,0
0,1,0,0,0,1,1,0
1,1,1,1,0,0,0,0
1,1,1,0,0,1,1,1
1,1,0,0,1,0,0,0
0,0,0,1,0,1,0,0
1,0,1,0,1,0,0,0
0,1,0,0,1,0,1,1
0,0,1,0,1,1,1,0
0,1,0,1,1,0,1,1
0,0,1,1,0,0,0,1
1,1,1,1,1,0,1,1
1,0,0,0,1,1,0,1
0,1,1,0,1,1,0,0
0,0,1,1,1,1,1,0
1,1,0,0,0,1,1,0
1,1,1,1,1,0,1,1
1,1,0,0,0,0,0,1
0,1,0,1,0,0,0,1
0,0,0,1,1,1,1,0
0,1,0,1,0,1,0,0
1,0,0,1,0,0,0,1
0,0,1,0,1,0,1,1
0,1,1,1,1,0,0,1
0,0,0,1,1,1,1,0
1,0,0,1,1,1,0,0
1,1,1,1,1,1,0,0
1,0,1,1,0,0,1,1
1,1,0,1,1,0,1,0
1,1,1,0,0,1,1,1
1,1,1,0,0,1,1,1
0,1,1,1,1,0,0,0
0,1,0,1,0,1,1,1
1,0,1,1,0,1,0,1
0,0,1,1,0,1,1,0
0,1,0,0,0,0,0,0
1,0,1,1,1,1,1,1
1,1,1,0,0,1,1,0
1,0,1,1,1,1,1,0
0,0,0,0,0,1,1,1
1,0,1,0,0,0,0,1
1,0,1,1,1,0,1,0
1,0,0,1,1,1,1,1
1,1,0,0,1,0,1,1
1,0,0,1,0,1,1,0
0,1,1,0,1,0,0,0
1,1,1,1,0,0,1,0
0,0,1,1,0,0,1,0
0,1,0,0,0,0,0,0
0,0,1,1,1,1,1,0
1,0,0,0,0,1,1,0
0,1,0,1,0,1,1,1
1,0,1,0,0,1,1,1
1,1,0,1,0,0,1,0
0,0,1,1,1,0,1,1
1,0,0,0,0,1,0,1
0,1,1,1,1,1,1,1
0,1,1,1,1,1,1,0
0,0,1,1,0,1,1,1
1,1,0,0,0,1,0,1
0,1,1,0,1,1,0,0
0,1,1,1,0,1,1,0
1,0,0,0,1,0,0,1
1,1,1,1,1,1,0,0
0,0,1,1,0,1,0,1
1,1,1,0,1,0,0,0
0,1,0,1,0,0,1,0
1,0,1,0,0,1,1,0
0,1,0,0,1,1,0,1
0,0,1,1,0,0,0,1
1,1,0,1,0,0,0,0
1,1,0,0,1,0,1,1
1,1,0,0,1,1,1,0
1,1,0,1,0,0,0,0
1,0,0,1,0,1,1,0
0,1,1,0,1,0,0,1
0,1,1,1,1,0,0,0
1,1,0,0,1,1,1,0
1,0,0,0,1,0,0,0
1,1,1,0,1,1,1,0
0,1,0,1,0,0,1,0
0,0,1,0,1,0,1,0
0,0,0,0,1,0,1,1
0,1,0,0,0,0,0,1
0,0,0,0,0,1,0,0
1,1,0,1,0,0,0,1
0,0,1,0,0,0,1,1
1,1,0,1,0,1,1,0
0,1,1,0,1,1,0,1
1,1,0,1,1,1,1,0
0,0,0,1,0,1,0,0
1,1,0,1,0,1,1,1
1,0,1,1,1,1,0,0
0,1,0,0,0,0,1,0
1,0,0,0,0,1,1,1
1,0,0,1,1,1,0,1
0,1,0,1,1,0,0,0
1,1,1,0,0,1,0,1
0,1,0,0,0,1,0,0
0,1,1,0,0,1,0,0
0,0,1,1,0,1,0,0
1,1,0,0,1,1,1,0
0,1,0,1,1,1,0,1
1,0,0,0,0,1,1,1
0,0,0,1,1,1,1,0
1,0,1,1,1,1,1,1
0,0,0,1,1,0,1,1
0,0,0,1,0,1,1,0
0,1,0,1,0,0,0,0
0,1,1,1,1,0,1,0
1,1,1,1,0,0,0,1
0,1,0,0,0,0,0,0
1,1,1,0,1,0,1,1
0,1,1,0,1,1,1,0
0,0,1,1,0,1,1,1
0,1,0,0,0,1,0,0
1,1,1,0,1,1,1,1
1,0,0,1,0,0,0,0
0,0,1,0,1,0,0,0
1,1,0,0,1,1,0,0
0,0,0,1,0,0,1,1
1,0,0,1,1,0,1,1
1,1,1,0,0,0,1,1
0,0,0,0,1,1,0,1
1,1,1,1,1,1,0,0
0,1,0,1,1,0,0,1
0,1,1,0,0,1,0,1
1,1,0,0,1,0,1,1
1,1,0,1,0,1,1,0
1,0,0,1,0,0,0,0
0,0,1,0,0,0,0,0
1,1,0,0,0,1,1,1
1,1,0,0,1,1,0,1
0,1,0,1,0,1,0,1
1,0,1,0,1,0,1,1
0,1,0,1,0,0,0,1
1,0,0,0,1,0,1,1
0,1,0,1,0,0,0,1
0,0,0,1,1,1,1,1
1,0,0,0,0,0,0,1
1,0,0,1,0,1,0,0
0,0,0,1,1,0,1,0
0,0,0,0,0,1,1,1
1,1,1,0,1,1,0,1
1,1,0,0,0,0,1,0
1,1,1,1,0,0,1,0
0,0,1,0,1,1,1,1
1,1,0,1,1,1,1,0
1,0,0,1,0,0,0,1
0,1,1,0,1,1,1,0
1,0,0,0,1,0,1,0
1,0,0,0,0,1,0,0
1,0,0,0,1,0,1,0
1,1,1,0,0,0,1,1
0,1,0,1,1,1,0,1
0,0,0,1,1,0,0,0
0,1,1,1,1,1,0,1
1,1,1,1,0,0,1,1
1,1,1,1,0,0,0,0
1,0,0,1,0,1,1,0
1,0,0,0,1,1,1,0
1,1,0,0,1,1,0,1
1,1,0,0,0,0,1,0
0,1,0,1,1,1,0,1
0,1,0,0,1,0,0,1
1,1,1,0,1,1,0,1
0,1,1,1,1,1,0,1
0,1,0,0,1,1,1,1
0,1,0,0,0,0,0,1
1,0,1,1,1,0,0,1
1,0,0,0,0,1,0,1
1,0,1,1,0,0,1,1
1,0,0,0,1,0,1,1
0,0,1,0,1,0,1,1
1,1,1,0,0,1,1,0
1,1,1,0,1,1,0,0
0,0,0,1,0,1,0,0
0,1,0,0,0,0,1,1
1,1,1,1,0,1,0,1
0,0,0,1,0,1,0,0
0,0,1,0,0,1,0,1
0,0,1,1,1,0,1,0
0,0,0,0,0,1,0,0
0,1,1,0,1,1,1,1
0,1,1,0,0,1,0,1
0,0,1,0,1,1,0,0
0,1,1,1,0,0,0,1
1,1,1,0,1,0,0,0
0,1,1,0,1,1,0,1
0,1,1,0,1,1,0,0
0,1,0,0,0,1,1,1
0,1,0,0,0,0,1,1
0,0,0,1,0,0,1,1
0,1,1,1,1,1,1,1
1,1,0,0,1,0,0,1
0,0,0,1,0,0,0,1
1,1,1,1,0,1,1,0
1,1,0,1,0,0,0,0
1,1,1,1,1,0,0,0
1,0,1,1,1,0,1,1
1,0,0,1,1,1,0,1
0,1,1,1,1,0,1,1
1,1,1,0,0,0,0,0
0,1,0,0,0,1,1,0
1,0,1,0,1,1,1,1
1,0,1,1,0,0,0,0
0,0,0,0,0,1,1,1
1,0,1,1,0,0,0,1
0,1,1,0,0,0,0,1
1,1,1,1,0,0,0,1
1,0,1,1,0,0,0,1
0,1,1,1,1,1,1,1
0,0,0,0,1,1,0,0
0,0,1,0,1,1,1,1
1,0,1,1,1,1,0,0
1,0,1,0,1,0,0,1
1,1,0,0,1,0,1,0
0,0,1,0,1,0,0,0
0,0,0,1,0,0,1,1
0,1,0,0,1,1,0,0
0,1,1,0,1,1,0,0
0,1,0,0,0,0,0,0
1,0,1,1,0,1,0,1
0,0,0,1,0,0,0,0
0,0,1,1,1,1,0,1
0,0,0,1,0,1,1,1
1,0,1,0,0,1,1,1
1,1,1,1,0,0,0,1
0,1,0,0,1,1,0,0
0,0,1,1,1,0,0,0
0,1,0,0,1,1,1,1
0,1,1,1,1,0,1,0
0,0,1,1,0,0,1,0
1,1,0,1,1,1,0,0
0,0,0,1,1,1,0,0
1,0,1,0,1,0,1,1
0,1,0,0,0,0,0,1
1,1,0,1,1,0,1,0
0,0,1,1,1,1,0,0
1,1,0,1,0,0,1,1
1,0,0,0,0,0,1,1
0,0,0,1,0,1,0,0
1,0,1,1,1,1,0,1
0,0,0,0,0,0,0,1
0,0,1,0,0,1,1,1
1,1,1,1,1,1,1,0
0,1,0,0,1,1,1,0
1,0,1,1,0,0,1,1
1,1,1,0,0,0,0,0
1,0,0,1,1,0,1,1
0,1,0,1,0,0,1,0
0,0,0,0,1,1,0,0
0,0,1,0,0,0,1,0
0,0,1,1,0,1,0,0
1,0,0,0,1,0,1,0
1,1,0,0,1,0,0,1
0,0,1,0,1,1,1,0
1,0,0,0,1,1,0,0
0,0,0,0,1,0,1,1
1,0,1,1,1,1,0,1
1,1,0,1,1,1,1,0
1,1,1,0,0,0,0,0
0,0,0,0,1,0,1,0
1,1,0,0,0,1,1,0
1,0,1,1,1,0,1,0
0,0,1,0,0,1,1,0
1,1,1,0,1,1,1,0
0,1,1,0,0,0,0,0
0,1,1,1,1,1,0,0
0,1,1,0,0,1,1,0
0,1,1,0,1,1,1,1
1,1,0,1,1,1,1,1
1,1,1,0,0,0,0,1
0,1,0,1,1,0,1,1
0,0,0,1,0,0,0,1
0,1,0,0,0,1,0,1
0,0,0,0,0,0,1,1
0,0,1,1,1,0,0,0
0,0,1,0,0,0,0,0
0,1,0,1,1,0,0,1
1,0,0,0,0,1,0,1
1,0,1,0,1,0,0,1
0,0,1,0,1,0,1,1
0,1,0,0,0,0,0,1
0,1,1,1,1,1,1,1
0,0,1,1,1,1,1,0
1,1,1,1,0,1,0,1
1,1,1,0,0,1,1,0
1,1,0,0,0,0,1,1
1,0,0,1,1,1,0,1
0,1,0,0,0,0,1,0
0,0,1,0,1,1,1,1
1,0,1,1,1,1,1,1
0,0,1,1,1,0,0,1
0,0,0,0,1,1,1,1
1,1,0,0,1,1,0,0
0,1,1,0,1,0,0,1
1,0,1,1,0,1,1,0
0,1,0,1,0,0,0,1
1,1,0,0,0,1,1,0
0,0,0,0,1,1,1,1
0,1,0,0,1,0,0,1
0,1,1,1,0,1,0,1
0,1,1,1,1,0,0,0
1,1,0,1,0,1,1,0
0,0,1,1,0,0,0,1
1,0,0,1,0,1,0,1
0,1,0,1,1,0,1,0
0,1,0,0,1,1,1,0
0,1,1,0,0,0,1,0
0,1,1,1,1,1,0,0
0,1,1,0,0,1,1,0
0,0,1,0,0,0,0,1
0,0,1,1,0,1,1,1
1,0,0,1,1,1,0,0
0,0,0,1,1,0,0,0
0,0,0,1,1,0,0,1
0,1,0,0,0,0,1,0
1,1,1,1,1,1,0,0
0,1,0,1,0,0,1,0
0,0,1,0,1,0,0,1
0,0,1,0,1,0,1,0
0,1,0,0,1,0,0,0
0,0,0,0,0,1,0,0
1,1,0,0,0,0,1,1
0,1,0,0,0,0,1,1
1,0,0,0,1,0,0,0
1,1,0,1,1,1,0,1
0,1,0,1,1,0,0,0
0,1,0,0,0,0,1,1
0,1,1,1,0,0,1,1
0,0,0,0,1,0,0,1
1,1,0,0,0,0,1,0
0,1,1,1,1,0,1,0
0,1,0,0,1,1,1,1
1,1,1,0,0,1,0,0
0,0,1,0,1,0,0,0
0,0,0,0,1,1,0,0
1,1,0,1,1,0,0,1
0,1,1,0,1,0,1,0
1,1,0,1,1,1,0,1
1,0,1,0,1,0,1,1
0,0,0,1,1,0,0,0
1,1,0,1,0,1,0,0
1,0,0,1,1,0,0,1
1,0,1,1,1,1,0,1
0,1,1,1,1,0,1,1
0,0,0,1,0,1,1,0
0,0,0,1,0,1,1,0
0,0,1,1,1,1,1,1
0,1,1,0,1,0,1,1
0,1,1,0,0,1,0,0
1,0,1,1,1,0,1,0
1,0,1,1,0,0,1,0
1,0,0,1,1,1,1,0
0,1,0,1,0,0,0,1
1,1,0,1,0,0,1,1
0,0,0,0,1,1,1,1
1,0,1,1,1,0,0,1
0,0,0,0,0,1,1,1
1,0,0,1,0,0,1,1
0,1,1,0,0,0,0,1
1,0,1,1,0,0,0,1
0,1,0,1,0,1,1,0
1,0,0,1,0,0,1,1
0,0,0,1,1,1,1,1
0,1,1,1,0,0,0,0
0,1,0,0,1,1,0,1
0,0,0,1,0,1,1,0
0,1,1,1,0,1,0,0
1,1,0,0,0,0,1,0
0,0,0,0,0,0,1,1
0,0,1,1,1,0,0,0
1,0,1,1,1,0,0,0
0,0,0,0,1,1,1,1
1,0,1,0,0,0,0,0
1,0,1,1,1,0,1,1
1,1,1,0,0,0,1,0
0,0,1,0,0,0,0,0
1,1,0,1,0,0,0,0
1,0,1,0,1,1,0,0
0,0,1,0,0,0,1,1
0,0,1,0,0,0,0,1
1,0,1,0,1,1,0,1
1,1,1,0,0,1,0,1
0,1,1,1,0,0,0,1
1,0,0,0,0,1,1,1
1,1,0,1,0,0,1,0
0,0,0,1,0,0,0,1
1,0,0,0,1,1,1,0
0,1,1,1,0,0,0,0
0,0,0,0,1,1,0,1
1,1,1,1,0,1,0,0
1,1,1,0,0,0,1,0
0,1,1,0,1,0,1,0
1,0,0,1,0,0,0,1
1,1,1,0,0,1,1,0
1,1,1,0,1,1,1,1
0,1,1,0,1,1,0,0
1,0,0,0,1,0,0,1
1,0,1,0,1,0,1,1
0,1,1,0,0,0,0,0
0,1,1,1,0,1,1,1
0,0,1,0,0,0,1,1
1,1,0,1,0,0,1,1
0,1,1,1,0,0,1,0
0,1,0,1,0,0,0,0
0,0,1,0,1,1,1,0
0,1,0,0,1,1,0,1
0,0,0,1,1,1,0,0
0,1,1,1,1,1,0,1
1,1,0,1,0,1,0,1
0,1,0,0,1,1,0,1
1,0,1,1,0,1,0,0
1,0,1,1,0,1,0,1
0,0,1,1,1,0,0,1
1,0,1,0,1,1,1,0
0,1,0,1,0,1,0,1
0,1,1,1,0,0,1,1
1,1,1,0,1,1,1,0
0,1,0,0,0,0,1,1
0,0,0,0,1,1,0,0
1,0,0,1,0,0,1,1
1,1,1,1,0,0,0,1
1,1,1,1,0,1,1,1
0,1,1,0,0,1,0,0
1,0,0,0,1,0,1,0
1,1,0,1,0,0,1,0
0,1,1,0,0,0,0,0
1,1,1,0,1,1,1,0
1,1,1,0,1,1,0,0
1,1,1,1,0,0,0,1
0,0,1,1,1,1,0,0
0,0,0,0,0,1,1,1
1,0,0,0,1,1,1,0
0,1,1,1,0,1,0,1
1,0,0,1,0,0,0,1
1,0,1,0,0,1,0,1
1,1,0,0,0,0,1,1
0,1,0,0,0,0,1,0
0,1,0,1,0,0,1,1
1,1,1,1,0,0,0,1
0,1,0,0,1,0,0,1
1,1,1,0,1,1,0,1
1,0,1,0,0,1,0,0
1,1,1,0,1,0,1,1
0,1,0,1,0,1,0,0
1,0,0,1,0,1,0,1
0,1,1,0,1,0,0,0
0,0,0,0,0,1,0,0
0,0,0,0,1,0,1,0
1,0,0,1,0,0,1,1
0,0,1,1,0,0,1,0
0,1,1,1,0,1,1,0
0,0,0,0,0,0,1,0
0,1,0,1,0,0,0,0
1,1,0,1,0,0,0,0
1,0,0,1,1,1,1,0
1,0,1,0,1,0,0,0
1,1,0,0,1,1,1,0
1,0,1,0,0,1,0,0
0,1,1,1,1,0,1,0
1,1,0,0,1,1,1,1
1,0,0,1,0,0,1,1
1,1,0,1,0,0,1,1
1,0,0,1,0,0,1,1
1,0,0,1,0,0,0,0
1,1,1,1,1,1,0,0
0,1,1,0,0,0,0,0
1,1,0,1,1,1,1,0
0,1,0,0,0,1,1,1
0,1,0,0,0,0,0,1
1,1,1,1,1,1,0,0
1,0,0,0,0,0,0,0
0,1,1,1,1,1,0,1
1,0,1,0,1,0,1,0
1,0,0,0,0,1,1,0
1,1,1,0,1,0,0,0
0,0,1,1,0,1,1,1
1,1,1,0,1,0,0,0
0,0,0,0,0,0,1,0
0,0,0,0,0,1,0,1
1,1,1,1,0,1,0,1
0,0,0,0,1,0,0,0
1,0,1,0,0,1,1,0
1,1,1,0,0,1,0,1
1,0,0,0,0,0,0,1
0,0,1,1,0,1,1,0
0,0,0,1,0,0,1,0
0,1,1,1,1,1,1,1
0,0,0,0,0,0,1,1
0,1,0,1,1,0,0,0
0,0,1,0,0,1,1,0
0,0,1,0,1,1,0,1
1,1,1,0,1,0,0,1
1,0,0,0,0,1,0,1
1,0,1,0,1,1,1,0
0,1,1,1,1,0,1,1
1,0,0,0,1,1,0,1
1,1,1,0,0,1,0,1
0,0,1,1,0,0,0,0
1,1,0,1,1,0,0,1
1,1,0,0,0,0,1,1
1,0,0,1,1,0,1,0
1,0,0,1,1,1,0,0
0,1,1,0,0,1,0,1
0,1,0,0,1,0,1,0
0,0,1,0,1,1,0,1
0,0,0,0,0,1,1,0
1,1,1,0,0,1,1,1
0,0,1,1,1,0,0,1
1,1,0,1,0,0,1,1
1,1,1,0,0,1,0,0
0,0,1,1,1,1,0,1
1,1,0,0,1,1,0,0
1,1,1,0,0,0,1,1
1,1,1,1,1,1,1,0
0,0,1,1,1,0,1,0
1,0,1,1,0,1,0,0
1,0,1,0,1,0,1,0
0,1,1,0,1,0,0,0
1,1,1,1,1,1,1,0
1,0,1,0,0,1,0,1
0,0,1,1,0,0,1,0
0,0,1,1,0,0,1,1
0,0,0,0,1,0,1,1
1,1,1,1,0,0,0,0
0,0,1,1,1,1,0,0
0,0,0,0,1,1,1,0
0,0,0,0,0,1,1,1
0,1,1,0,1,0,0,0
0,0,0,1,1,1,0,1
0,1,0,1,1,1,0,1
0,1,0,1,0,0,0,1
1,0,0,1,1,1,1,1
1,1,0,1,1,1,0,1
0,0,0,1,0,1,1,0
1,0,0,0,0,1,1,1
0,0,0,1,1,1,0,0
0,0,0,1,0,1,0,1
1,1,0,0,1,1,0,1
0,0,1,0,1,0,0,0
0,1,0,1,1,1,0,0
1,0,0,1,1,0,1,0
1,0,1,1,0,1,1,0
0,0,0,0,1,1,0,1
0,0,0,1,1,1,0,0
0,1,0,0,0,1,1,1
0,1,1,0,0,0,1,1
1,0,1,0,0,1,1,1
0,0,0,1,1,1,1,0
1,1,1,1,1,1,1,0
0,0,0,1,1,0,0,1
0,1,0,1,0,0,1,0
0,1,0,1,0,1,0,1
0,1,1,1,0,0,1,1
0,1,1,1,1,1,1,1
1,0,1,0,0,0,1,0
0,0,0,1,0,0,0,0
0,1,1,0,0,0,1,1
0,0,1,0,1,1,1,1
1,1,1,0,0,0,1,1
0,1,1,1,0,1,1,0
0,0,1,0,0,1,1,0
1,1,1,0,0,0,0,1
0,0,1,0,0,0,0,1
0,0,1,1,0,0,1,0
0,1,1,1,0,0,1,0
0,1,0,1,1,1,0,1
1,1,0,1,1,0,0,1
1,1,0,1,1,1,1,0
1,1,0,0,1,0,1,0
0,0,0,1,1,1,1,0
0,1,0,1,0,1,1,0
0,0,1,1,0,1,1,0
1,0,1,0,0,1,0,0
0,1,1,0,0,1,1,1
1,0,1,0,1,0,1,1
1,0,1,1,0,1,0,0
0,0,0,0,0,0,1,0
1,0,0,1,1,0,1,1
0,1,0,1,1,0,1,0
1,1,1,0,0,1,1,1
1,0,0,1,0,1,1,0
1,1,0,1,0,0,1,1
1,1,1,0,1,1,0,0
0,0,1,1,1,0,1,0
0,1,1,1,1,0,1,1
0,0,1,0,0,1,0,0
0,0,1,0,0,0,1,0
0,0,0,0,0,0,1,1
1,0,1,0,0,0,0,1
1,1,1,0,1,1,0,0
1,1,1,0,1,0,0,0
0,1,0,1,0,1,1,0
1,1,1,0,1,0,0,0
1,1,0,0,1,1,1,1
1,0,1,0,0,1,1,1
1,0,1,1,1,1,1,1
0,1,1,0,0,0,0,1
1,0,0,1,0,0,0,0
0,0,0,0,0,1,1,0
0,1,1,1,0,0,1,1
1,1,0,0,0,1,1,0
0,0,0,0,0,1,1,0
0,0,1,1,0,0,1,0
0,1,1,0,0,1,0,1
0,0,1,0,0,0,0,0
0,1,0,0,1,0,1,1
1,0,1,0,0,1,1,0
0,0,1,0,1,0,1,1
0,1,0,0,1,1,1,1
1,0,1,1,1,0,0,0
0,0,1,1,1,0,1,1
0,0,0,0,1,1,0,1
1,1,0,1,1,0,1,1
0,1,1,1,1,0,0,0
1,1,0,0,0,1,0,1
1,0,0,1,0,1,1,0
1,1,1,1,0,1,0,1
0,1,0,0,0,0,0,0
1,1,0,0,0,0,0,1
0,1,0,1,1,0,1,1
1,1,0,1,1,1,0,0
0,0,0,0,1,1,1,1
1,0,0,0,1,1,0,0
1,1,1,0,0,0,0,1
0,0,1,1,1,0,1,0
0,0,1,1,1,0,0,0
1,1,0,1,1,0,1,1
0,1,0,0,1,0,1,0
0,1,0,0,0,1,1,0
0,1,0,1,0,1,0,0
0,0,0,0,1,1,0,1
1,0,1,1,0,1,0,1
0,1,1,1,0,0,1,1
1,1,0,0,0,0,0,0
1,0,0,0,1,1,1,1
0,0,1,0,0,0,0,1
0,1,0,0,0,1,0,1
0,1,0,0,0,0,0,1
1,0,1,0,0,0,0,1
0,1,0,0,0,0,1,1
1,1,1,0,1,0,1,0
0,0,0,0,0,0,1,0
1,0,0,1,1,0,1,1
1,0,0,1,0,0,1,1
1,1,0,0,0,0,0,1
0,1,0,1,1,1,0,1
1,1,0,0,1,0,0,1
1,0,0,1,0,1,0,0
0,0,1,1,0,1,0,1
1,1,0,1,0,0,1,1
0,1,1,0,0,0,1,0
0,0,1,1,0,0,1,0
1,1,1,0,0,1,0,1
0,0,0,1,0,0,0,0
1,0,0,0,1,0,0,0
0,1,1,0,1,0,0,0
0,0,1,1,0,0,1,1
0,0,0,0,0,1,0,0
1,1,0,1,0,1,1,1
0,1,1,1,1,1,1,0
1,0,1,0,0,0,0,0
1,0,1,0,0,1,0,0
1,1,1,1,1,1,1,0
0,1,0,0,0,0,1,1
0,0,1,1,1,1,1,0
1,0,1,1,1,0,0,1
0,0,0,0,1,1,0,1
1,1,1,1,0,0,1,0
1,1,1,1,1,1,1,0
1,0,0,1,1,1,0,1
0,0,1,1,1,1,0,1
1,0,1,0,0,0,0,1
0,1,1,0,1,0,0,1
1,0,1,0,0,0,0,1
1,1,1,1,1,1,0,0
1,0,0,0,0,0,1,1
0,1,1,0,0,1,1,0
0,0,0,1,1,0,0,0
1,1,1,0,1,1,1,0
1,0,1,0,0,1,0,1
1,1,1,0,1,1,0,0
0,0,0,1,1,1,1,1
0,1,0,0,0,1,0,0
0,1,0,1,0,0,0,1
1,1,0,1,0,0,1,0
1,0,0,1,0,1,1,0
1,0,0,1,0,0,1,0
0,0,0,0,1,0,1,0
1,0,1,1,0,0,0,0
1,1,0,0,0,1,0,0
1,0,1,1,0,0,1,0
0,1,1,0,1,1,0,1
0,1,0,0,0,1,0,0
0,0,0,0,0,0,0,1
1,1,1,0,1,0,0,1
0,0,0,1,0,1,1,1
0,0,0,0,0,0,0,1
1,1,1,1,0,1,0,0
0,1,1,0,0,1,0,1
0,1,1,1,0,0,0,1
0,0,1,1,0,1,1,0
1,1,0,0,0,0,1,0
1,1,0,1,1,0,0,1
0,1,0,1,1,0,0,0
0,1,0,1,0,1,1,0
0,0,0,1,0,1,0,0
0,0,1,1,0,0,1,0
1,1,0,1,1,1,0,1
0,0,0,1,1,0,1,1
0,1,1,0,1,1,1,1
0,1,1,0,1,0,0,1
0,1,0,1,0,0,0,1
1,0,1,0,0,1,0,1
1,1,0,0,1,1,1,0
0,0,0,0,1,1,0,0
1,0,1,0,1,1,1,1
1,1,1,0,0,1,1,0
0,0,1,0,0,1,0,0
0,1,0,0,1,0,1,1
0,0,1,0,1,1,0,1
1,0,1,0,0,0,1,1
0,1,1,0,1,1,1,1
0,0,0,1,0,0,0,0
1,0,1,1,1,0,0,1
1,1,1,0,0,1,0,1
0,1,1,1,1,0,1,0
0,1,1,1,0,0,0,0
1,0,1,0,0,0,1,0
0,0,0,0,1,1,0,0
0,1,1,1,0,0,0,1
1,1,0,0,1,0,0,1
0,1,1,1,1,1,1,1
1,1,1,0,1,1,0,1
1,0,1,1,0,0,0,1
0,1,0,0,1,1,1,1
0,0,0,0,1,0,1,1
0,0,0,1,1,1,1,1
0,0,1,0,1,1,0,1
0,1,1,0,0,0,1,1
1,0,0,1,0,0,0,0
0,0,1,0,0,0,1,0
1,1,1,0,1,1,0,1
1,0,0,1,0,1,1,1
0,0,0,0,1,1,0,1
0,0,0,1,0,1,1,0
1,1,0,1,1,0,0,0
1,0,1,0,0,1,0,1
0,0,0,1,1,1,0,1
0,1,0,0,0,0,1,0
1,1,0,1,1,0,1,1
1,0,0,0,0,1,0,1
1,0,0,1,1,0,1,1
1,1,0,1,0,1,1,0
1,0,0,1,1,0,1,0
1,0,0,0,1,0,0,0
0,0,0,0,1,0,0,1
1,0,1,0,1,1,0,0
0,1,0,0,0,1,1,1
0,0,1,1,0,1,1,1
1,1,1,0,0,0,1,1
0,1,0,0,1,1,0,0
1,1,0,0,1,1,1,0
1,0,1,1,0,1,0,1
0,1,1,0,0,1,0,0
1,0,0,1,0,0,0,1
1,0,1,1,0,1,0,0
1,0,1,1,0,1,1,0
1,1,1,0,1,1,0,0
0,1,1,1,0,1,1,1
1,1,0,0,0,1,0,0
1,0,0,1,0,1,0,1
1,1,1,0,0,1,0,1
1,1,0,0,1,1,1,1
1,1,1,1,1,0,1,1
0,1,1,1,0,1,0,1
0,0,0,1,1,1,0,1
1,0,1,1,0,0,1,1
0,1,0,0,0,0,1,0
1,1,1,0,0,1,0,0
0,1,1,0,1,0,0,0
0,1,1,0,1,0,1,1
0,1,1,1,1,1,0,1
1,0,1,1,0,1,1,1
0,1,0,1,1,0,1,1
0,0,1,0,0,1,0,1
0,0,1,1,1,1,0,1
1,0,0,0,1,1,1,0
1,0,0,0,1,0,0,0
0,1,1,1,1,1,0,1
1,1,1,0,1,0,0,0
1,0,1,0,1,1,0,0
1,1,0,1,0,1,1,0
0,1,1,1,0,0,0,0
0,1,1,1,0,1,0,1
1,0,0,0,1,1,1,0
1,1,0,1,1,1,0,0
1,0,0,0,1,0,1,1
0,0,1,1,0,0,0,1
1,0,1,1,1,1,0,0
1,0,0,0,0,0,1,0
1,0,0,1,1,1,0,1
0,1,0,1,1,1,0,1
0,0,0,1,1,1,0,1
1,1,1,0,0,0,1,0
1,0,0,0,1,1,0,1
1,0,1,1,0,0,0,1
0,1,1,0,1,1,1,0
1,1,0,0,0,0,0,1
0,0,0,1,0,1,0,0
0,0,1,0,1,1,0,0
0,1,1,1,0,0,1,1
0,1,0,1,1,1,0,1
0,0,0,1,1,0,0,1
1,0,0,0,1,0,1,0
0,1,0,0,1,1,0,0
0,1,0,0,1,1,1,1
0,0,1,0,0,1,1,1
0,0,1,1,1,1,1,0
1,0,1,0,0,0,1,1
0,1,0,1,0,1,0,1
1,1,1,1,1,0,0,0
0,0,1,0,0,1,1,1
0,1,0,1,1,1,1,0
0,0,1,0,1,1,1,1
0,1,0,0,1,0,0,1
1,0,1,1,1,0,0,1
0,0,0,0,0,0,1,0
1,0,1,0,1,0,1,0
0,0,1,1,0,0,1,1
0,0,1,1,0,0,1,1
1,0,1,0,1,0,0,0
1,0,0,0,1,0,1,1
1,0,1,0,0,1,1,1
0,1,0,0,1,0,1,0
1,1,0,0,1,0,1,0
0,1,1,0,0,0,0,1
0,1,0,1,1,0,0,1
0,1,1,1,0,1,0,0
0,0,0,0,0,0,0,1
1,1,1,1,1,0,0,0
0,0,1,1,0,1,0,0
0,0,1,0,1,0,1,1
0,1,0,0,1,1,0,1
0,1,1,0,0,1,1,0
1,0,0,0,0,0,1,1
0,1,0,1,0,0,1,0
0,0,0,0,0,0,0,0
1,0,1,1,0,0,0,1
1,0,1,1,1,1,1,0
1,1,1,0,1,1,0,0
0,0,0,0,1,1,1,0
1,1,0,0,1,0,0,1
0,1,1,1,0,1,1,1
0,0,0,0,0,0,1,1
0,1,0,1,0,1,0,1
1,1,1,0,1,0,1,1
0,0,1,0,0,0,1,1
0,0,0,0,0,0,1,0
0,0,1,0,0,1,0,0
0,1,1,1,0,1,0,0
0,0,1,1,1,0,0,0
0,1,1,0,1,1,0,1
0,0,1,1,1,0,0,0
1,1,0,1,1,0,1,0
0,0,0,1,1,1,1,1
1,1,0,1,0,1,0,0
1,1,0,1,1,0,1,1
1,1,1,0,1,1,1,1
0,1,0,0,1,0,0,1
0,1,0,1,1,0,1,1
0,1,1,0,0,0,1,1
0,0,1,1,1,1,0,1
1,1,0,0,0,0,0,0
1,0,0,0,0,1,1,1
1,1,1,1,0,0,1,0
1,1,0,1,1,0,1,0
0,1,1,0,1,1,1,0
0,1,1,1,0,0,1,1
0,0,0,0,1,0,1,0
1,1,0,1,1,1,0,0
1,1,0,0,1,1,1,0
1,0,1,1,0,1,1,0
0,1,1,0,0,1,1,1
1,1,0,1,1,0,0,0
1,1,1,1,1,1,0,1
1,1,0,0,1,1,1,0
0,0,1,1,1,1,1,1
1,0,0,1,0,0,0,1
0,0,0,0,1,1,1,0
0,1,1,0,1,0,1,1
0,0,0,1,1,1,0,0
0,0,0,0,1,0,0,1
0,0,1,1,1,1,0,0
1,1,0,0,0,1,1,0
1,1,0,0,0,1,1,1
1,0,1,0,0,0,1,0
0,0,1,0,1,1,1,1
1,0,0,0,1,0,1,1
0,0,0,0,0,1,1,1
0,0,1,1,0,1,1,0
0,0,0,0,0,1,0,0
1,1,0,0,1,0,1,1
0,1,0,1,1,0,0,1
1,1,1,1,1,1,0,0
0,1,0,1,1,0,0,0
1,0,0,1,1,1,0,0
1,1,1,1,0,1,0,1
1,1,0,0,0,1,0,1
1,0,1,0,1,1,0,0
1,0,1,1,0,1,0,0
0,1,0,1,1,1,0,0
1,1,1,1,1,1,0,1
0,1,0,0,1,0,1,0
0,0,0,0,1,0,1,1
1,1,1,1,1,0,0,0
1,0,0,1,1,0,0,1
1,1,1,1,0,0,0,1
1,0,1,1,0,0,0,0
0,0,0,0,0,1,1,0
1,0,0,0,1,0,0,1
1,1,0,0,0,0,1,0
0,0,0,0,1,1,0,0
1,0,0,0,0,0,0,1
0,0,0,1,0,0,1,1
0,0,0,1,1,0,0,0
1,1,1,0,0,0,1,1
1,1,1,1,0,0,0,0
0,1,1,0,0,0,0,1
1,0,0,0,1,1,1,1
1,0,0,0,1,0,1,0
1,0,0,1,1,1,1,0
0,1,1,1,0,1,1,1
0,0,0,0,1,0,0,1
0,0,1,1,1,1,0,1
0,1,0,0,0,0,1,1
1,0,1,1,0,1,0,0
0,1,0,1,0,0,1,1
1,0,1,1,0,1,0,0
0,0,0,0,0,1,0,0
0,1,1,0,1,1,1,1
0,1,1,1,0,1,0,1
1,1,1,0,0,0,0,0
1,0,1,0,1,1,0,0
1,0,1,1,0,0,0,0
0,0,1,0,0,0,1,1
1,1,1,0,1,1,0,1
0,1,0,0,1,1,1,1
1,0,1,0,1,1,1,0
1,0,0,1,1,0,1,1
0,0,0,1,0,0,0,0
1,0,1,0,0,0,0,0
0,0,0,1,0,1,0,1
1,0,1,0,1,0,0,1
1,1,1,1,1,1,0,0
0,1,0,0,1,0,1,1
0,0,1,1,0,1,0,0
1,1,1,1,1,0,0,1
0,0,0,1,0,1,0,1
0,1,0,1,1,1,1,0
1,1,0,1,1,0,1,1
1,1,1,1,1,1,0,0
0,1,1,1,0,1,0,0
1,0,0,0,1,0,0,0
1,1,1,0,0,0,0,0
1,0,1,1,1,0,1,0
1,1,0,1,1,0,1,0
1,0,1,0,0,0,1,1
0,0,0,1,1,0,1,1
0,0,0,1,1,1,1,1
0,1,0,1,0,1,0,0
1,1,0,0,0,0,1,0
1,0,1,0,1,1,1,1
0,0,0,0,1,1,1,0
1,1,1,0,1,0,0,0
0,1,0,0,1,1,0,1
0,0,1,1,0,1,0,1
1,1,0,1,1,1,0,1
0,1,1,0,1,0,0,0
1,0,0,1,0,1,0,0
1,0,0,1,0,0,0,1
1,1,1,1,1,1,0,1
1,0,1,0,1,0,0,1
0,0,0,1,1,1,1,1
0,1,1,0,0,1,0,1
0,1,0,0,0,1,0,0
0,1,1,1,1,0,1,1
0,1,1,0,0,1,1,0
1,1,0,0,1,0,1,1
1,0,0,1,0,0,0,0
1,0,1,0,1,0,1,0
0,1,0,0,0,0,0,1
1,1,1,1,0,0,1,0
1,0,0,1,1,0,1,0
1,0,1,0,0,0,0,0
1,0,0,1,0,0,1,1
0,0,1,1,1,1,0,0
0,1,1,0,1,1,0,0
0,0,1,0,1,0,1,0
0,1,0,0,0,1,0,1
1,1,0,0,1,1,0,1
1,1,1,0,1,1,1,0
0,1,1,1,0,0,1,1
0,0,0,1,1,1,0,1
1,1,1,0,1,1,1,1
0,1,0,0,1,0,1,1
0,1,0,0,1,0,1,1
0,0,0,1,1,0,0,1
0,0,0,0,1,0,0,1
0,0,0,1,1,0,1,0
0,1,1,1,0,1,0,1
0,0,1,1,1,1,1,0
1,1,1,1,0,1,1,1
0,1,0,1,0,0,1,1
0,0,1,0,0,0,1,0
0,0,1,0,1,1,0,0
0,0,0,0,1,1,0,0
0,0,1,0,1,0,1,0
1,1,0,1,1,1,1,0
1,0,0,0,1,0,0,0
0,1,0,0,0,1,0,1
1,0,0,1,1,0,0,1
1,0,1,0,0,1,1,0
1,1,0,0,0,1,0,0
1,1,0,1,0,0,0,0
0,1,1,0,1,0,0,1
1,1,0,0,1,0,0,1
1,1,0,0,1,1,0,1
0,0,0,0,0,0,0,1
1,0,1,1,1,0,1,1
0,0,0,0,1,1,0,1
1,1,1,1,0,1,0,0
1,1,0,0,0,1,0,1
0,0,0,0,0,1,0,1
1,0,1,0,1,1,0,0
1,1,0,1,0,1,1,1
0,1,1,1,0,0,1,0
0,1,1,0,0,1,1,1
1,0,1,1,1,1,0,0
1,1,1,1,1,1,1,0
1,0,0,0,0,1,0,1
1,1,0,1,1,0,0,1
1,1,1,1,1,1,0,1
0,1,0,1,1,1,1,0
0,1,0,0,1,1,0,0
1,0,1,0,1,0,0,0
0,0,0,1,1,0,1,1
0,1,0,0,1,1,1,0
1,0,0,1,0,1,0,0
1,1,1,1,1,1,1,1
1,1,0,1,0,1,1,1
1,0,1,1,1,1,0,1
0,0,0,0,1,1,1,0
0,1,1,1,0,1,1,1
1,0,0,0,0,0,1,1
0,1,0,1,0,0,0,0
0,1,1,0,1,1,1,1
1,1,0,1,0,0,1,0
0,0,0,0,0,0,1,1
0,1,1,1,0,1,1,1
1,1,0,0,0,1,1,1
1,0,1,0,1,1,1,0
0,0,1,0,0,1,0,1
0,0,0,0,1,0,0,1
1,1,1,0,0,0,1,0
1,0,1,1,1,0,0,0
1,1,0,0,0,1,0,1
0,0,1,0,1,0,0,0
1,0,0,0,1,0,1,1
0,1,1,1,1,0,0,0
0,0,1,1,0,1,0,0
1,0,1,1,1,0,0,0
1,1,0,1,1,1,1,1
0,1,0,1,0,1,1,0
1,0,1,0,1,1,1,1
1,0,0,1,0,0,0,1
1,0,0,1,0,0,1,1
1,0,0,0,1,1,0,1
0,1,0,1,1,1,0,1
1,1,0,1,1,1,1,1
0,0,0,1,0,1,1,0
1,1,1,1,0,1,1,1
1,0,0,1,1,0,0,0
0,0,0,1,1,0,1,0
0,1,0,1,1,1,0,0
0,0,1,0,1,1,1,0
1,1,0,0,0,1,1,1
0,0,0,0,1,0,0,1
1,0,0,0,1,0,0,1
1,0,0,1,1,1,1,1
0,0,1,1,0,0,0,0
1,1,1,1,1,0,0,1
1,1,1,0,1,1,0,0
0,0,0,1,1,1,1,0
1,0,1,1,1,0,0,1
1,1,1,0,1,1,1,1
1,0,1,0,1,1,1,0
1,1,0,0,0,1,0,1
1,1,0,0,0,0,0,1
0,0,1,0,0,0,0,0
0,1,0,0,1,1,1,0
1,0,0,0,0,0,1,1
0,1,1,1,1,1,1,0
0,0,0,1,1,0,1,0
0,0,0,0,1,0,0,1
0,0,0,1,0,0,0,0
1,1,1,0,1,1,0,1
0,0,1,0,1,1,0,1
0,0,1,1,0,1,0,0
1,1,1,0,0,1,0,1
1,0,1,0,1,0,1,1
1,0,0,1,0,1,0,0
1,0,1,1,0,1,0,1
0,0,1,0,1,0,1,1
0,1,0,1,0,1,0,1
1,0,1,1,1,1,0,1
0,0,1,0,1,0,0,0
1,1,0,0,0,1,1,0
0,1,1,1,1,1,1,0
0,1,1,0,1,1,0,0
1,0,1,0,0,0,1,0
1,1,0,1,1,0,0,0
0,1,1,1,1,0,1,1
1,1,1,1,1,0,1,0
1,1,1,1,1,1,0,0
1,0,0,1,0,0,1,1
1,1,1,0,1,0,1,1
0,0,1,1,0,0,0,1
0,1,1,0,1,1,0,1
0,1,0,1,1,0,0,1
0,1,0,0,0,0,0,0
1,0,0,1,0,1,1,0
0,0,1,0,1,0,0,1
0,1,0,0,0,1,0,1
1,1,1,0,0,1,1,0
1,0,1,1,1,1,1,0
1,1,0,0,1,0,0,0
1,1,1,0,0,1,1,0
1,0,0,1,1,0,1,1
0,1,1,1,1,1,0,1
0,1,1,0,0,0,0,1
0,1,1,1,1,0,0,1
0,0,0,1,1,1,0,1
0,0,1,1,0,1,0,1
1,1,1,0,1,1,0,0
0,1,0,0,0,0,0,1
1,1,1,0,1,1,1,1
0,0,0,1,0,0,1,0
1,1,0,1,0,0,1,0
1,1,0,0,0,1,0,1
1,0,0,1,1,1,1,1
1,0,0,1,1,1,0,1
1,0,0,0,0,1,1,0
0,0,0,1,1,0,0,1
0,1,1,0,1,0,0,1
1,0,1,1,1,1,0,0
0,1,1,0,1,0,0,1
1,1,1,0,1,0,1,1
1,0,0,1,0,1,0,1
0,0,0,1,0,0,1,0
1,0,0,0,0,0,1,0
1,0,0,1,1,1,0,0
1,1,0,1,0,1,0,0
0,1,1,1,1,1,1,0
1,0,0,0,0,1,1,1
0,1,0,0,0,0,0,0
0,1,1,1,1,1,0,0
0,0,1,0,0,0,1,1
0,0,0,1,0,1,1,0
1,1,1,0,0,1,0,1
0,1,1,0,0,1,0,1
1,1,1,0,1,0,0,0
0,1,0,1,1,0,1,0
0,0,1,0,1,1,0,1
0,0,1,0,0,1,0,0
0,1,1,1,1,1,1,1
0,1,1,1,1,1,1,1
1,1,1,1,1,1,1,0
0,1,1,1,1,0,1,1
0,1,1,1,1,0,0,0
0,1,1,1,1,0,0,1
0,1,1,0,0,1,1,1
1,0,1,0,0,0,0,0
0,0,1,0,1,1,1,1
1,1,0,1,1,0,1,0
1,0,1,0,0,1,1,0
1,1,0,0,0,0,0,1
0,1,0,0,0,1,1,0
1,0,1,0,0,1,0,1
1,1,0,1,0,0,1,0
1,0,0,1,1,1,1,0
1,0,1,0,0,0,0,0
0,1,1,0,0,1,0,1
1,1,1,0,0,0,0,1
1,0,0,1,0,1,1,0
1,0,0,1,0,0,0,0
0,0,0,0,1,0,1,1
0,1,0,0,1,1,1,0
0,0,1,1,0,0,1,0
1,0,1,1,0,1,0,1
0,0,0,1,1,1,0,0
0,1,1,0,1,1,0,0
1,0,1,0,1,1,1,0
0,1,0,0,0,0,0,1
0,1,1,1,0,1,1,0
1,0,0,0,0,1,0,0
0,1,0,1,0,1,0,1
1,0,1,1,1,1,1,1
0,1,1,1,1,1,1,1
1,0,0,0,1,0,0,1
1,0,0,1,0,0,0,0
1,0,1,0,1,1,1,1
0,0,0,0,0,0,1,0
1,1,0,1,1,1,0,0
1,0,1,0,1,1,0,0
0,1,1,0,1,0,0,0
1,1,1,1,1,1,0,1
0,1,1,0,0,1,0,0
0,0,0,0,0,0,1,1
0,0,1,0,0,1,1,0
0,1,0,1,0,0,1,0
1,1,1,0,1,0,0,0
0,0,1,0,1,0,1,0
1,1,0,1,1,1,0,0
0,1,0,0,0,0,0,1
0,0,1,0,1,1,1,1
0,0,1,1,1,1,1,0
0,0,0,1,0,0,1,1
1,0,1,0,0,0,0,1
0,1,0,0,0,0,0,0
0,0,0,1,1,0,1,1
0,1,1,1,0,0,0,1
1,1,0,0,0,1,1,1
1,0,0,1,0,0,1,0
0,0,0,0,1,0,1,0
0,1,1,1,1,0,0,0
1,0,1,0,1,0,1,1
0,1,1,1,0,1,0,0
0,0,1,0,0,1,0,0
1,0,0,0,1,1,1,1
0,1,0,1,0,0,1,1
1,1,0,1,0,1,1,1
0,1,0,0,0,0,1,0
0,1,1,0,1,0,0,0
1,1,1,1,1,1,1,0
1,1,0,0,0,0,1,1
1,0,1,0,1,1,0,0
1,1,0,0,0,1,0,0
1,0,0,0,0,1,1,1
0,1,1,1,1,0,1,0
1,1,0,0,1,1,1,1
1,1,1,0,0,0,1,0
1,1,1,1,0,1,1,1
0,0,1,1,0,0,1,0
0,0,0,1,1,1,0,0
0,0,1,1,0,1,0,0
1,0,0,0,1,0,0,1
1,1,1,1,0,1,0,0
1,1,0,1,1,1,1,1
1,1,0,1,1,1,1,0
0,0,1,0,0,0,1,1
0,0,0,1,0,0,0,1
0,0,0,1,1,0,1,0
0,0,0,1,0,1,1,1
1,0,0,1,0,0,1,1
1,0,1,0,0,0,0,0
1,0,1,1,0,1,0,0
1,0,0,0,0,0,1,1
1,0,0,1,0,1,1,0
1,0,1,0,0,0,1,0
1,0,0,1,0,1,1,0
1,1,1,0,1,1,0,0
0,0,0,1,1,0,1,1
0,1,0,1,1,0,1,0
0,1,1,1,1,1,1,0
0,0,1,1,1,1,1,0
0,0,1,0,0,0,0,0
0,1,0,0,0,0,1,0
0,1,0,0,0,1,1,1
1,0,1,0,0,1,1,1
0,1,0,1,0,0,1,0
0,1,1,0,0,1,1,0
0,0,0,1,1,0,0,1
0,1,0,0,1,0,1,0
1,1,0,1,1,1,1,1
0,0,0,0,1,0,0,0
1,0,0,0,0,1,1,1
1,1,1,1,1,0,1,1
0,0,1,1,0,1,1,1
0,1,1,1,0,0,1,1
0,0,0,0,0,1,0,0
1,0,1,1,1,1,0,0
0,0,0,0,1,0,0,0
0,1,1,0,1,0,1,1
0,0,0,0,0,0,1,0
0,1,0,0,0,0,0,1
0,0,1,1,0,0,0,1
1,0,1,1,1,0,1,1
1,0,0,0,1,0,1,0
1,1,0,1,0,0,1,0
0,1,0,0,1,1,0,0
0,0,0,1,0,1,0,1
1,0,1,1,1,1,0,0
0,0,1,1,1,1,1,0
0,1,1,1,1,1,0,0
0,1,1,0,0,0,0,1
1,0,1,1,1,1,1,1
0,0,1,0,1,1,0,1
0,1,0,0,1,0,0,0
1,1,1,0,0,1,0,0
0,0,0,0,1,0,1,0
0,0,0,0,1,1,0,0
0,0,1,1,0,1,1,0
1,1,0,0,0,1,0,0
0,0,0,1,0,0,1,0
1,0,1,0,1,1,1,1
0,0,0,1,0,0,1,0
1,1,0,0,0,0,1,0
1,1,0,1,1,1,1,1
0,0,1,1,1,1,1,1
1,1,1,1,0,0,0,0
1,0,0,0,0,1,1,0
1,0,1,1,1,0,0,0
0,1,1,0,0,1,0,1
0,1,0,1,1,1,1,1
0,0,0,0,1,1,1,1
1,1,0,1,0,0,1,1
0,0,0,0,1,1,1,1
0,1,1,0,1,1,1,1
1,0,1,1,1,0,1,1
0,1,0,0,1,0,0,1
1,1,0,0,0,0,1,0
1,0,1,0,1,0,1,1
0,0,1,1,0,0,0,1
0,1,0,1,0,0,1,0
1,0,1,1,0,1,0,0
0,1,0,0,0,0,1,1
1,1,1,1,0,1,1,0
1,1,0,0,0,0,0,0
0,0,1,1,0,0,0,1
0,0,1,1,1,0,0,1
0,1,0,1,1,1,1,0
1,1,0,1,1,1,0,1
0,1,0,1,1,0,0,0
0,0,0,0,1,0,1,1
1,0,1,1,1,0,1,1
0,1,1,1,1,0,0,1
1,0,0,0,1,1,1,1
1,0,0,0,1,0,1,0
0,0,1,1,0,1,1,0
1,0,0,1,1,1,0,0
0,1,1,1,0,1,0,0
0,0,0,0,1,1,0,0
0,0,1,0,1,0,1,1
1,0,0,1,0,1,0,1
1,0,0,1,0,1,1,0
0,0,1,1,0,1,0,1
1,0,0,0,1,1,1,1
0,0,0,1,1,0,0,0
0,0,1,0,1,0,1,0
0,1,0,0,1,1,1,1
0,0,1,0,0,0,1,0
0,0,0,1,1,1,0,1
1,1,0,1,0,0,1,0
1,0,0,0,0,1,1,0
1,1,1,1,1,1,1,1
0,1,0,0,1,1,0,1
0,0,0,0,1,1,1,1
0,0,0,0,0,0,0,0
0,1,0,0,1,0,0,1
0,1,0,0,1,0,1,0
0,0,1,1,1,0,1,1
0,1,0,1,0,0,0,0
1,1,1,0,1,0,1,0
0,0,1,1,0,0,0,1
1,1,1,1,1,1,0,1
0,1,1,0,0,1,1,1
1,0,1,0,0,0,0,1
0,1,1,0,1,0,0,1
0,0,0,1,0,0,0,1
1,0,1,0,0,1,1,1
0,0,1,1,1,0,1,0
0,1,0,1,0,0,0,0
0,1,1,1,1,1,0,1
1,1,0,0,0,0,1,1
1,0,1,1,1,1,1,0
1,0,1,0,1,0,0,1
0,1,1,0,0,0,1,1
1,0,1,0,1,1,1,0
0,0,1,1,1,0,1,1
1,0,1,0,0,1,0,1
0,1,0,0,0,0,0,0
1,1,0,0,1,0,0,1
0,1,0,0,0,1,1,0
0,0,0,0,1,1,1,0
1,1,1,1,1,1,1,0
1,0,1,0,0,1,0,1
1,0,1,0,1,0,1,1
0,0,0,1,0,1,0,1
0,0,0,0,0,1,0,1
0,0,1,1,0,1,1,1
1,0,0,0,1,1,1,1
1,1,1,0,0,1,0,0
1,1,1,1,0,0,1,1
0,1,0,0,0,1,1,0
1,0,1,0,0,1,1,0
1,0,0,1,1,1,1,0
0,0,0,0,0,1,1,1
1,0,0,1,0,1,1,1
0,1,1,0,1,0,1,1
1,0,1,0,1,1,0,0
0,0,1,1,1,0,1,0
1,1,0,0,0,1,0,0
0,0,1,0,0,1,1,1
0,0,0,0,0,1,0,0
0,0,0,1,1,0,0,1
0,1,0,0,1,1,1,1
0,1,1,0,1,0,1,1
1,0,1,0,1,0,1,1
1,1,1,1,1,1,1,1
0,0,1,0,0,1,0,1
0,1,0,1,1,0,1,0
1,1,1,1,1,0,1,0
0,1,1,0,0,0,0,1
0,0,1,0,0,1,0,0
1,1,1,1,0,1,0,1
1,1,0,0,0,1,0,0
1,0,1,1,1,1,0,0
1,0,0,1,1,0,1,0
1,1,0,0,0,0,1,0
1,1,1,0,0,1,0,1
1,0,1,1,1,0,1,1
0,1,0,1,0,0,1,1
1,1,0,0,0,0,1,1
0,1,0,0,1,0,1,1
0,1,0,0,0,0,1,0
1,0,0,1,1,0,0,0
0,1,0,1,1,0,0,0
0,1,1,0,0,0,1,1
1,1,1,1,1,0,0,0
0,1,0,0,0,1,0,1
1,0,1,0,1,0,0,0
0,0,0,0,1,0,0,1
1,0,0,0,0,1,1,0
0,0,1,0,0,1,0,0
1,1,0,1,1,0,0,1
1,1,0,1,1,0,1,1
0,0,0,1,0,1,0,0
1,0,1,0,0,0,0,1
0,1,1,0,0,1,0,1
0,1,0,0,0,1,1,0
1,1,0,0,1,0,1,0
0,1,1,0,1,0,0,1
1,0,0,0,0,0,1,0
1,0,1,1,0,1,0,0
1,1,1,0,1,1,0,0
1,1,1,0,0,0,0,0
0,1,0,0,0,0,0,0
1,1,1,0,0,1,1,1
0,1,1,1,1,1,1,1
1,0,1,0,1,1,1,1
0,1,0,1,0,0,0,1
0,1,0,1,1,0,1,0
0,0,0,0,0,0,1,0
1,1,1,1,1,0,0,0
0,1,1,1,1,0,1,0
0,0,0,1,0,0,0,1
0,1,0,1,1,0,0,1
0,0,1,1,0,1,0,1
0,0,1,0,0,0,0,0
1,1,1,1,1,0,0,0
0,1,1,0,0,1,0,0
0,0,1,0,1,1,0,0
0,0,1,0,0,1,0,0
1,1,1,0,0,1,0,1
0,0,1,0,0,0,0,0
0,0,1,0,1,0,0,1
0,1,0,1,0,1,1,1
0,1,0,0,0,0,1,0
0,0,0,1,0,0,0,1
1,0,1,0,1,0,0,1
1,1,0,0,0,0,0,1
1,1,1,0,0,1,0,0
0,0,0,0,0,1,0,0
1,1,1,1,0,1,1,1
1,0,0,1,1,1,1,1
1,1,1,0,0,1,1,1
0,1,1,1,0,1,1,1
1,1,0,0,1,0,1,0
0,0,1,1,0,1,1,1
0,0,1,1,1,1,1,0
1,0,0,0,0,0,1,1
1,0,0,0,0,1,1,0
1,1,1,1,0,0,1,0
0,0,1,0,1,0,1,0
0,0,1,1,0,1,0,1
1,1,0,1,1,1,0,1
0,1,1,0,0,1,0,0
0,0,0,1,0,0,0,1
0,1,1,0,1,1,1,1
1,0,0,1,0,1,0,0
0,0,1,0,1,0,1,1
0,0,0,0,1,1,0,1
0,0,0,1,0,0,1,0
0,1,1,0,1,0,1,1
1,1,0,0,1,1,1,1
0,0,0,1,1,0,0,1
1,0,0,0,1,1,0,1
1,1,0,0,1,0,0,1
1,1,1,1,0,0,0,1
0,1,1,0,1,1,1,1
0,0,0,1,1,0,1,0
1,1,1,1,0,1,0,0
0,1,1,1,0,1,0,0
1,0,0,1,0,1,1,0
1,0,1,1,0,0,1,1
1,0,1,0,0,0,0,1
0,0,1,0,0,1,0,1
0,1,0,1,1,0,1,0
1,1,0,1,0,1,0,1
0,1,1,1,1,1,0,0
1,0,0,0,1,0,0,1
0,1,0,0,0,1,1,1
0,1,1,1,1,0,1,0
0,0,0,0,1,0,0,1
0,1,1,0,1,1,1,0
1,0,0,1,1,1,0,1
0,0,1,1,0,0,0,0
1,1,1,1,0,0,1,1
0,1,0,0,1,1,0,0
1,1,0,0,1,1,0,1
1,0,1,0,0,0,0,1
1,1,1,0,0,1,0,0
1,1,0,1,0,0,1,0
1,0,0,1,1,1,1,1
1,0,0,1,0,1,0,0
0,0,1,1,1,0,0,1
1,1,1,0,1,0,1,0
1,0,0,1,1,0,0,1
0,1,1,0,0,0,1,1
0,1,1,0,1,1,1,0
1,1,1,1,0,1,1,1
0,0,1,1,0,1,0,1
0,0,0,0,0,0,0,1
0,1,0,0,1,1,0,1
0,0,0,0,0,1,0,1
0,1,0,1,1,1,1,0
0,0,1,1,0,1,0,0
1,1,1,1,1,1,1,0
0,0,1,1,1,1,1,0
1,0,0,0,0,0,0,1
0,0,0,1,0,0,1,1
0,0,1,0,1,1,1,1
0,1,1,1,1,0,1,1
1,1,1,1,1,0,1,1
1,0,0,0,0,0,0,1
1,0,0,0,0,0,0,1
0,1,1,1,0,0,1,1
0,0,1,1,0,0,0,0
1,0,0,0,0,1,1,1
0,0,1,1,0,1,0,0
0,0,1,0,0,0,1,1
1,0,1,0,1,0,0,1
0,1,0,1,0,1,0,0
1,1,1,0,1,1,0,1
1,0,0,0,0,0,0,0
0,1,0,0,0,0,1,1
1,0,0,1,1,0,0,0
1,0,1,1,0,0,0,0
1,1,1,0,1,0,0,1
1,0,0,1,1,1,0,1
1,1,0,1,1,0,1,0
0,0,1,1,0,0,0,0
1,0,1,0,1,1,0,0
1,0,1,0,1,0,0,0
1,1,0,1,1,0,0,1
0,0,0,1,1,0,1,1
1,0,0,1,1,1,1,0
0,0,1,1,1,1,0,0
1,0,0,1,0,1,1,1
1,1,0,0,1,1,0,1
1,1,1,0,0,1,1,1
0,1,1,0,1,1,0,0
0,1,0,1,0,1,0,0
0,0,1,1,1,1,0,1
0,0,0,0,0,0,0,0
1,1,1,1,0,1,1,1
0,1,1,1,0,1,0,0
0,1,1,1,0,1,1,1
1,1,1,1,0,0,0,1
0,1,1,0,0,0,0,1
1,0,1,0,1,1,0,1
1,1,1,1,1,0,0,0
0,0,0,1,0,1,1,1
0,0,0,0,0,1,1,0
1,1,1,1,1,0,1,1
1,1,1,1,1,1,0,1
0,0,0,1,1,0,0,0
0,1,0,0,0,0,1,0
0,1,0,0,0,1,1,0
1,0,1,1,1,1,0,0
0,1,1,1,1,1,1,1
0,1,1,0,1,0,1,0
1,1,0,1,1,1,0,0
1,0,1,1,0,0,1,1
0,0,0,1,1,1,0,1
0,1,1,1,0,1,1,1
0,0,0,1,1,1,0,0
0,1,1,1,1,0,0,0
0,0,0,0,0,1,0,1
0,0,0,1,0,0,0,1
0,0,1,1,1,0,1,0
1,1,1,1,1,0,1,1
0,0,1,1,1,1,1,1
0,1,1,1,1,1,0,1
1,0,1,0,1,1,1,1
1,0,1,1,0,1,0,0
0,1,0,1,0,1,1,0
1,1,0,0,1,1,1,1
0,1,1,0,1,1,0,0
0,1,0,1,1,1,1,1
0,0,1,0,1,1,1,0
0,1,1,0,0,1,0,1
1,0,0,1,1,0,0,1
1,1,0,0,1,0,0,0
1,0,1,0,1,1,1,1
0,0,0,0,1,1,0,0
0,0,1,0,0,1,1,0
0,1,0,0,0,1,1,0
1,1,0,0,0,0,1,0
1,1,0,1,1,1,1,1
0,0,0,0,1,0,0,1
1,1,0,1,0,0,1,0
1,0,1,0,1,0,0,0
0,0,0,0,0,0,0,0
1,1,0,1,0,1,1,0
1,1,1,1,1,1,0,0
0,0,1,0,0,1,0,1
0,1,1,1,0,0,1,0
1,1,1,0,0,0,0,0
1,0,0,0,0,1,1,0
0,1,0,0,0,0,0,1
1,0,0,1,0,1,1,1
0,0,1,0,1,0,0,0
0,0,0,1,1,1,1,1
0,0,0,0,0,0,1,1
1,1,0,1,1,1,1,1
1,1,1,0,0,1,0,1
0,1,1,1,0,1,0,1
1,1,1,1,0,1,1,1
1,0,0,0,0,0,1,1
1,0,0,1,0,1,0,1
0,1,1,0,1,0,1,0
1,1,1,1,0,0,1,1
1,0,0,0,1,1,0,1
0,0,1,0,0,0,1,1
1,0,1,0,0,0,0,0
0,1,1,0,1,1,0,1
1,0,1,0,1,0,1,1
1,1,1,0,0,0,0,0
1,0,0,0,0,1,1,0
1,1,1,0,1,0,0,0
1,1,1,0,1,0,0,1
1,1,0,1,1,1,0,1
1,1,0,0,0,1,0,1
1,0,1,1,0,1,0,1
0,1,0,0,1,1,1,1
0,0,0,0,1,1,1,1
0,1,0,1,0,0,0,1
0,1,0,1,1,0,0,1
0,0,1,0,0,1,1,0
0,1,1,0,1,1,0,1
1,0,1,1,1,1,0,1
1,1,0,1,0,0,0,0
0,0,1,0,0,0,0,0
0,1,1,0,1,0,1,1
1,0,1,0,0,0,1,1
1,0,0,0,1,1,1,1
0,1,1,1,1,1,1,0
0,0,1,1,0,0,0,1
0,0,0,0,0,0,1,1
0,1,0,0,1,1,0,0
1,0,0,0,1,1,0,1
1,1,0,0,1,1,1,1
0,1,1,1,1,1,0,0
0,0,0,0,1,0,0,0
0,1,0,1,1,0,0,0
1,1,0,0,0,0,0,1
1,0,0,1,0,0,0,0
1,1,0,1,0,1,0,1
0,0,0,1,1,1,1,1
0,0,1,0,1,1,0,0
1,0,0,1,0,0,0,1
1,1,0,1,1,0,0,0
0,1,0,1,1,1,0,0
1,1,1,1,0,0,1,1
1,0,1,0,0,1,0,1
0,0,1,0,1,0,1,0
1,0,1,0,1,1,0,0
1,1,1,0,0,0,1,0
1,1,0,1,1,0,0,1
0,0,0,1,0,1,1,0
0,1,1,1,1,1,0,0
0,1,1,1,1,0,1,0
1,1,1,1,0,1,0,0
1,0,1,0,0,0,0,0
1,1,0,1,1,1,1,1
1,1,0,0,1,0,1,0
1,0,1,1,1,1,1,0
1,0,1,0,0,0,0,1
0,1,1,0,0,1,0,1
1,0,0,0,0,1,0,0
0,1,1,0,0,0,0,1
0,1,0,1,1,1,0,1
0,1,0,0,1,0,0,1
1,1,1,1,1,0,0,0
1,0,0,0,0,0,1,0
0,1,1,0,0,1,0,0
0,0,1,1,0,0,0,0
0,0,1,0,0,1,0,1
1,1,0,1,0,1,0,1
0,0,0,0,0,1,1,1
0,1,1,0,1,1,0,0
0,1,1,0,0,1,1,0
0,0,0,0,1,0,1,0
1,0,1,0,1,0,0,1
0,1,0,1,0,0,1,0
0,1,1,1,1,0,1,1
1,1,0,0,0,0,0,1
0,1,1,0,1,1,1,0
0,1,1,0,1,1,0,1
0,1,0,1,0,1,0,1
0,0,0,1,1,0,0,1
1,1,1,0,1,1,0,1
1,0,1,1,1,1,1,0
0,0,0,1,0,0,1,1
0,1,1,0,1,1,1,1
0,0,1,0,0,1,1,0
1,1,1,0,0,1,0,0
1,0,0,0,0,1,1,1
0,0,0,0,0,0,0,0
1,1,0,0,0,0,1,1
1,0,0,1,1,0,1,0
1,1,0,0,1,0,0,0
1,0,0,0,1,0,1,1
1,1,1,0,0,0,1,1
1,0,1,0,0,0,0,0
0,0,0,1,1,0,0,0
0,1,1,0,0,1,0,0
1,0,1,0,1,0,1,1
1,1,0,1,0,0,0,0
1,0,0,0,1,1,1,1
0,1,0,1,0,1,1,0
1,1,0,1,1,1,1,0
0,1,1,0,1,0,0,1
1,0,1,1,0,1,1,0
0,0,1,0,1,1,0,0
0,1,1,1,1,1,1,1
1,0,0,0,1,0,1,1
1,0,1,1,1,1,0,1
0,0,0,0,1,1,0,1
1,0,1,1,0,1,0,1
0,1,1,1,1,0,1,0
1,0,1,1,1,0,0,0
0,1,1,0,1,0,0,1
0,0,0,1,0,0,0,1
0,1,0,1,1,0,1,1
1,0,0,0,1,0,1,1
1,0,0,1,1,1,0,1
1,0,0,0,1,1,1,1
0,1,0,1,1,1,1,1
0,0,1,0,1,0,1,0
1,1,1,0,0,0,1,1
0,0,1,0,1,1,1,1
0,0,1,0,0,0,0,1
1,0,1,1,0,0,0,1
1,0,0,1,0,1,1,1
1,0,0,0,1,0,0,1
1,1,1,0,1,0,1,1
1,0,1,0,0,1,0,0
0,1,1,1,0,1,0,0
0,0,1,0,0,0,0,0
0,0,1,1,1,0,0,1
1,0,1,1,1,0,1,0
1,1,0,0,0,1,0,0
0,1,0,0,0,0,0,1
0,1,0,0,1,0,0,1
0,0,0,1,1,1,1,0
1,1,0,1,0,1,0,1
0,1,0,1,0,1,0,1
1,0,1,1,1,0,0,0
1,0,1,0,0,1,1,0
1,1,1,1,0,1,0,0
0,1,1,0,1,1,1,0
1,1,1,0,0,0,0,1
1,1,1,0,1,1,1,0
1,1,0,0,0,0,1,1
1,1,0,1,0,1,0,0
1,1,1,0,0,0,0,0
1,1,0,0,1,0,1,1
1,1,1,1,0,0,1,0
1,0,0,1,0,1,0,0
0,0,1,1,0,0,0,1
1,0,1,0,1,0,0,1
1,0,0,1,1,0,0,1
0,1,1,0,0,1,1,0
0,1,1,1,0,1,1,1
0,0,0,1,1,0,0,1
0,1,0,1,1,0,0,0
0,1,0,1,1,1,1,0
1,1,0,0,1,1,0,1
1,0,0,0,1,0,0,0
1,0,0,0,1,1,0,0
0,0,0,1,1,1,1,0
0,0,0,1,1,0,1,1
1,1,1,1,0,0,1,0
1,1,1,0,0,1,1,0
1,1,0,0,0,1,0,0
0,1,1,0,0,0,0,0
0,0,0,0,1,0,1,1
1,0,0,0,1,1,1,0
0,0,1,0,0,1,0,1
1,0,1,1,1,0,0,1
0,0,0,1,1,1,0,1
0,0,0,1,1,1,1,1
0,1,1,0,1,1,1,1
1,1,0,1,1,0,0,1
0,1,0,0,0,0,0,0
1,0,1,1,1,0,0,1
1,0,0,0,1,0,1,0
0,1,0,1,0,1,1,1
1,1,1,0,1,1,1,0
1,1,1,1,0,0,0,1
1,0,0,0,1,0,0,0
0,0,0,1,1,1,0,1
0,0,0,0,0,0,1,1
1,1,0,1,1,0,0,0
1,1,0,0,0,0,1,0
0,1,1,1,1,0,1,0
1,0,0,0,1,1,0,1
1,0,0,0,0,1,1,1
0,0,0,1,0,0,0,0
1,0,1,1,0,0,0,1
1,1,0,1,0,1,1,1
0,0,1,0,0,1,0,1
0,1,1,1,1,0,0,0
1,0,1,0,1,0,1,0
1,1,0,0,1,1,0,1
0,1,0,0,0,1,0,1
0,1,1,1,0,0,1,1
0,1,1,1,0,1,0,0
1,0,0,0,1,0,0,1
0,0,0,1,0,1,1,0
1,1,0,1,0,0,0,0
0,1,0,1,1,1,1,1
1,0,1,0,1,1,1,1
0,1,1,1,0,1,0,0
1,1,1,1,0,1,1,1
1,1,1,1,1,0,1,0
1,0,0,1,0,0,1,0
1,0,1,1,1,1,1,1
0,0,1,0,1,0,0,0
0,1,0,1,0,0,1,1
1,0,1,0,1,1,0,1
1,0,1,1,0,1,1,1
0,0,1,0,1,1,1,1
0,1,1,1,1,1,1,0
1,0,0,0,1,0,0,1
1,0,1,0,1,0,1,0
1,0,0,0,1,1,1,0
1,0,1,1,1,0,0,1
0,1,0,1,1,0,1,0
1,1,0,1,0,0,1,0
1,1,1,1,0,0,1,0
0,0,0,1,1,0,1,1
1,1,0,0,1,1,0,0
1,1,1,1,1,1,0,0
1,0,0,1,0,0,0,1
0,1,1,1,1,0,0,1
0,1,0,0,1,1,0,1
1,0,1,1,1,1,0,0
0,0,1,0,0,1,0,1
1,1,1,1,0,0,0,1
0,1,0,0,1,1,0,1
1,0,1,0,1,1,0,0
0,0,0,1,1,1,1,0
1,0,1,0,1,0,0,1
0,0,0,1,1,1,1,0
0,0,1,1,0,1,0,1
1,1,1,0,1,1,1,0
1,1,1,1,1,1,0,0
1,1,0,0,1,0,0,0
1,0,1,1,1,1,0,0
1,0,0,1,0,1,1,0
1,0,0,1,1,0,0,0
1,0,1,1,0,1,1,1
0,0,0,0,1,0,1,1
0,1,0,0,0,0,0,0
1,1,0,1,0,1,0,0
1,1,1,0,1,0,1,0
0,1,0,1,0,1,0,0
1,0,1,1,1,1,0,0
1,1,1,1,0,1,0,0
0,1,1,1,0,0,0,1
0,1,0,1,1,0,1,1
1,0,0,0,0,1,1,1
1,1,0,1,0,0,0,1
1,0,0,1,0,1,1,1
0,1,1,0,0,1,0,1
0,0,0,0,0,0,1,0
0,1,0,1,0,1,0,0
0,0,1,1,0,1,1,1
0,0,0,1,0,1,0,1
0,1,0,1,0,1,1,0
0,0,1,1,1,1,0,1
0,1,1,0,1,0,0,1
0,0,1,0,1,1,1,1
0,0,0,1,0,1,1,0
1,0,1,1,0,1,1,1
1,1,1,0,0,0,0,1
1,1,0,1,1,0,0,0
1,0,1,1,1,1,1,1
0,0,0,0,1,1,1,1
0,1,1,1,1,1,0,1
0,1,0,1,0,1,0,0
1,0,0,0,0,1,0,0
1,0,0,1,1,0,0,1
1,1,0,0,1,0,1,0
0,1,1,0,1,1,1,1
1,1,0,0,0,1,0,1
1,1,1,1,0,0,0,1
1,1,1,0,0,1,1,0
1,0,1,0,1,1,0,0
1,1,0,0,1,1,0,1
0,1,0,1,0,0,1,1
1,1,1,1,1,0,0,1
0,0,1,0,1,1,1,1
0,1,0,1,1,1,0,0
1,0,0,0,0,1,0,1
1,0,0,0,0,1,0,0
0,0,1,1,0,0,0,1
0,1,1,0,1,1,1,0
0,0,1,0,1,1,0,0
1,0,1,1,1,0,1,0
1,1,0,1,0,1,1,0
1,1,1,0,1,0,0,1
0,0,1,1,0,1,1,1
0,0,0,0,1,0,1,0
0,0,1,1,1,0,0,1
0,0,1,0,0,1,0,1
0,1,1,0,0,0,1,0
0,0,0,1,0,0,0,1
1,1,1,0,1,1,1,1
1,0,1,0,1,0,0,0
1,1,1,1,0,1,0,1
1,1,0,0,1,0,1,0
1,1,1,0,1,1,0,1
1,0,1,1,1,1,1,0
0,0,0,0,0,0,0,1
0,1,0,0,0,0,0,0
0,1,1,1,0,1,0,0
0,1,1,1,1,0,0,0
1,1,0,0,0,0,0,0
0,0,1,1,0,0,1,1
1,0,0,0,1,1,1,0
1,0,1,0,0,0,0,0
0,1,1,0,0,1,1,0
1,1,0,1,1,0,1,1
1,0,0,0,0,1,0,1
1,0,1,0,0,1,1,1
0,0,0,1,1,1,0,1
1,1,1,0,1,1,1,1
0,1,1,0,0,1,1,1
1,0,1,1,1,1,1,0
1,1,0,1,1,0,1,0
1,0,0,0,1,0,1,0
1,1,1,1,0,0,0,0
0,0,1,0,0,1,1,1
1,1,0,1,1,1,1,0
1,1,0,0,1,0,1,1
1,0,0,0,0,1,1,1
0,0,0,1,1,0,0,1
1,1,0,1,0,1,1,0
1,1,0,0,1,1,0,1
0,0,1,1,0,1,1,0
1,1,0,0,1,0,0,0
0,0,0,0,0,0,1,0
1,0,0,1,1,1,0,0
1,1,1,1,0,1,0,1
0,1,1,0,0,1,1,0
0,1,0,1,0,1,0,1
0,1,0,1,1,1,0,1
0,1,0,0,0,0,1,1
0,0,1,1,1,0,1,0
0,0,1,0,1,1,1,1
1,1,1,0,0,0,1,0
1,0,1,0,0,0,0,0
0,1,0,0,1,1,1,1
0,0,1,1,0,1,0,1
0,0,0,1,1,1,0,1
0,1,1,0,0,0,1,1
0,0,1,1,0,0,0,0
0,0,1,0,1,0,0,0
0,1,0,0,0,1,1,1
1,0,0,0,0,0,1,1
1,1,0,1,1,0,0,1
1,1,0,0,1,1,0,1
0,0,0,0,0,0,0,1
1,0,0,0,0,0,1,1
0,0,0,0,0,0,0,1
1,0,1,0,0,0,1,0
1,1,0,1,0,0,1,1
0,0,1,0,1,0,1,1
1,1,1,0,0,0,0,0
1,1,0,1,0,1,1,1
1,0,0,1,1,0,1,1
0,0,0,0,0,0,0,0
0,1,1,1,0,0,1,1
1,0,0,1,0,1,1,1
1,1,1,1,0,1,1,0
0,0,0,0,0,0,1,0
0,1,0,1,0,1,1,1
1,1,1,1,0,1,1,1
0,0,0,0,0,0,1,1
1,1,0,0,1,1,1,0
1,0,1,0,1,1,0,1
1,1,0,0,1,0,0,0
1,0,0,0,1,0,1,0
0,1,0,1,1,1,0,0
1,1,0,0,0,1,1,1
1,0,1,0,0,0,1,0
1,1,1,1,0,0,1,0
0,0,0,0,0,1,0,0
0,0,1,1,0,0,1,0
0,0,1,1,1,1,1,1
1,0,1,1,0,1,0,1
0,1,0,0,1,1,1,1
0,1,0,1,1,0,0,0
1,0,1,0,0,1,0,1
1,0,1,0,0,1,1,0
0,0,1,0,1,1,0,0
0,0,0,0,1,0,1,0
0,0,0,0,0,1,0,0
0,1,0,1,1,1,1,0
1,0,0,0,0,1,1,0
1,0,1,0,0,1,1,0
1,1,0,1,0,1,0,0
1,1,1,1,0,0,0,0
1,1,0,0,0,1,1,1
1,0,0,1,0,1,1,1
0,1,0,0,1,1,1,1
1,0,1,1,0,0,0,1
1,0,1,0,1,1,0,1
1,0,0,1,0,0,1,0
1,0,0,1,0,0,1,1
1,1,1,1,0,1,0,0
0,1,0,0,0,1,1,1
0,1,1,1,0,0,1,0
1,1,0,1,0,0,0,0
0,1,1,0,0,1,1,1
0,1,1,0,1,1,1,0
1,0,0,0,0,1,1,0
0,0,0,0,0,1,1,1
1,1,1,1,1,0,0,1
1,1,1,0,1,0,1,0
1,0,0,0,0,0,0,1
0,0,0,1,1,1,1,0
0,1,0,1,0,1,1,0
1,0,0,0,0,0,0,0
1,1,0,1,1,1,0,1
0,0,0,0,0,1,1,1
1,1,1,0,1,0,1,0
1,1,1,0,1,0,1,1
0,1,1,1,1,0,0,0
1,1,1,0,1,0,1,0
1,0,1,1,1,0,1,1
1,1,0,1,0,0,1,0
1,1,0,1,1,0,0,1
0,1,0,0,1,0,0,0
0,0,1,1,0,0,1,0
0,1,1,1,0,0,1,1
1,1,0,1,0,1,0,0
0,1,1,0,0,1,0,0
0,1,1,0,1,1,0,0
0,1,0,1,0,0,1,1
1,0,1,0,1,0,1,1
0,1,1,0,0,0,0,0
1,1,1,0,0,0,0,1
1,0,1,1,0,0,1,1
0,0,1,1,1,0,0,1
1,1,1,0,0,1,0,0
0,1,0,1,1,1,1,1
0,0,1,1,0,0,1,0
1,1,1,0,0,1,1,0
0,0,0,1,1,0,0,0
1,0,0,1,1,1,0,1
0,1,1,1,1,0,1,1
1,1,0,1,0,0,0,0
0,1,1,0,0,1,1,1
0,1,1,1,0,0,1,1
0,1,0,0,0,1,0,1
1,1,1,1,1,0,1,0
1,1,1,1,0,1,0,0
1,0,0,0,1,1,0,0
1,0,0,1,1,0,1,0
1,1,0,0,1,1,0,1
0,0,1,0,0,0,1,0
1,1,0,1,0,1,1,1
1,1,0,0,1,0,0,0
1,1,1,0,1,0,1,1
1,0,0,1,0,1,1,0
0,1,1,1,1,1,0,0
1,0,0,0,1,0,0,1
0,1,1,0,1,0,0,0
0,1,0,0,1,0,0,1
1,1,1,1,1,1,0,0
1,1,1,1,1,1,0,0
0,0,1,0,1,1,0,1
1,0,1,1,1,0,0,0
0,0,1,0,0,1,0,1
0,0,1,0,0,1,1,0
1,0,0,1,0,1,1,0
0,0,0,1,1,1,1,1
1,0,1,0,0,0,0,1
1,0,0,1,1,0,1,0
1,1,1,0,0,1,1,0
1,1,1,1,0,1,0,1
1,1,0,1,1,0,0,0
0,1,0,1,1,1,1,1
0,1,1,1,1,1,0,0
1,1,0,1,0,1,0,0
0,1,0,1,0,0,0,0
1,0,0,1,1,1,1,0
0,0,1,1,0,0,1,0
0,0,1,0,1,0,1,0
0,1,0,0,1,0,0,0
1,1,0,1,0,1,1,0
1,0,0,0,1,0,0,0
0,0,0,1,0,0,1,0
0,0,0,1,1,1,1,0
0,1,1,0,0,1,0,1
1,0,0,0,0,1,1,0
1,0,1,1,1,0,0,0
0,0,1,0,0,0,1,0
0,0,0,1,1,1,0,0
0,0,1,0,1,0,1,1
1,0,0,1,1,0,0,1
0,0,1,1,1,1,1,0
0,0,0,0,1,1,1,0
0,0,1,1,1,1,0,0
1,1,0,0,0,0,0,1
1,0,0,0,1,1,1,0
1,1,1,0,1,1,0,1
0,0,0,1,0,0,1,0
0,0,0,0,0,0,1,0
1,0,1,0,1,0,1,1
1,0,0,0,1,0,0,0
0,0,1,1,1,0,0,1
0,1,0,0,0,1,0,1
0,0,1,0,1,0,1,0
1,0,1,0,1,1,0,1
1,0,1,1,0,1,1,1
1,1,0,0,1,1,1,1
1,1,0,1,1,1,1,0
0,1,0,1,0,0,1,1
0,0,0,1,0,0,1,1
0,0,1,0,0,1,0,0
1,0,1,0,0,1,1,0
1,0,0,1,0,1,0,1
0,0,0,1,1,1,1,1
0,1,1,1,1,0,0,1
1,1,0,1,0,0,0,0
0,1,1,0,1,1,0,1
1,0,1,0,0,0,0,0
0,1,1,0,0,1,1,1
1,0,0,0,0,1,0,1
1,0,0,1,1,1,1,1
1,1,1,1,0,1,0,0
1,0,0,1,1,1,0,1
1,1,0,0,0,0,0,0
0,1,1,1,1,1,0,0
1,1,0,1,1,1,0,0
1,0,0,1,0,1,0,0
1,1,1,0,1,1,1,0
1,1,1,0,1,1,1,0
0,1,1,1,1,0,1,0
1,1,0,1,0,0,0,0
0,0,1,1,1,1,1,1
0,0,0,0,0,0,0,0
1,0,1,1,0,0,1,0
1,0,1,0,0,1,1,0
0,1,1,1,1,0,1,0
0,1,1,1,1,0,0,1
0,1,0,1,1,0,0,1
1,0,1,0,0,0,0,1
0,1,1,1,1,1,0,1
0,0,0,0,1,0,0,0
0,1,0,1,1,0,1,0
0,1,0,1,0,0,1,1
1,0,0,1,1,1,1,0
0,1,1,1,0,0,0,1
0,0,1,0,0,0,1,1
1,1,0,1,1,1,1,1
0,1,1,1,0,0,0,0
0,1,1,1,1,1,0,1
0,1,1,0,0,0,0,0
0,1,1,1,1,1,0,0
1,0,1,0,1,0,1,0
1,0,1,1,1,0,1,1
1,1,1,1,1,0,1,1
1,0,0,0,1,1,0,0
1,1,0,0,0,1,0,0
0,1,1,1,1,0,1,1
0,1,1,0,1,1,0,1
0,0,1,0,1,1,0,1
0,1,1,0,0,0,1,0
1,0,0,1,0,0,0,1
0,1,0,0,1,1,1,0
1,1,1,1,0,0,0,0
1,1,1,0,0,0,0,0
0,0,0,1,1,0,0,1
1,1,1,1,0,1,1,1
0,0,0,1,0,0,1,1
0,0,0,0,1,0,1,1
0,1,1,0,1,0,0,0
0,0,1,0,0,0,1,1
0,0,0,1,0,1,1,0
1,0,1,0,1,1,1,0
0,0,0,0,1,0,1,1
1,0,1,1,0,1,0,1
0,1,0,1,0,0,0,0
1,0,0,0,1,0,1,0
0,0,0,1,1,0,0,1
1,0,0,1,0,1,1,0
1,1,1,1,0,1,1,1
0,1,1,1,0,0,1,1
0,0,0,0,1,0,0,0
1,1,0,1,1,1,0,1
0,0,0,0,1,1,1,0
1,1,0,1,1,0,1,1
0,0,0,0,1,0,1,0
1,0,1,0,0,0,0,1
0,1,0,1,0,0,0,0
0,0,1,1,1,1,0,1
1,0,1,0,1,1,0,1
1,0,1,0,1,0,1,0
1,0,1,1,1,1,0,1
1,0,0,0,1,1,1,1
0,1,1,0,1,1,0,0
0,0,1,1,0,0,0,0
0,0,0,1,1,1,1,0
1,1,1,1,1,0,0,0
1,0,0,0,1,1,0,0
0,1,1,1,0,0,0,1
1,1,1,1,1,1,1,0
1,1,0,0,1,1,0,0
1,0,1,1,0,0,0,1
0,0,0,0,0,1,1,0
0,1,0,0,0,1,1,0
1,1,1,0,0,0,0,1
0,0,0,1,0,1,0,0
0,1,1,1,1,1,0,0
0,0,0,1,0,1,0,1
0,0,1,1,0,1,0,1
0,0,0,0,0,1,1,0
1,1,0,0,0,0,1,1
1,1,1,0,1,1,1,1
0,1,1,1,1,0,1,0
0,0,0,1,1,1,0,1
1,0,0,1,1,0,1,1
1,1,0,0,1,0,0,0
1,0,0,0,1,0,1,0
1,1,1,0,1,0,1,0
0,1,0,0,0,1,0,0
0,1,0,0,0,1,1,0
1,1,0,1,0,1,1,1
1,0,0,0,1,1,0,1
0,0,0,0,1,0,0,0
0,1,0,1,0,0,0,0
1,0,0,1,1,0,1,1
1,0,1,1,0,0,1,1
0,1,1,0,0,0,1,0
0,0,0,1,0,0,0,1
1,0,0,1,0,1,1,0
1,1,0,0,1,1,0,1
0,0,0,0,0,0,1,1
1,1,1,0,0,0,1,0
1,1,1,0,1,0,1,0
1,0,1,1,0,1,0,0
0,1,0,0,1,1,1,0
0,0,1,1,1,0,0,1
0,0,0,1,0,1,0,1
0,0,1,1,0,1,1,1
1,1,0,0,0,1,1,0
0,1,0,0,1,1,1,1
0,1,1,1,1,0,0,0
1,0,0,1,1,1,1,0
1,1,0,1,0,0,0,0
1,0,0,1,0,1,0,0
1,0,0,1,0,0,0,0
0,0,0,1,0,1,1,1
0,1,1,1,1,0,1,1
0,0,1,0,1,1,1,1
1,0,1,1,0,0,0,0
1,1,0,1,1,0,1,1
0,1,0,0,0,1,0,1
0,1,1,1,0,0,0,1
0,1,0,1,1,1,0,0
0,1,1,1,1,1,1,0
1,1,0,1,1,0,0,1
0,1,0,0,0,0,0,1
0,1,0,0,1,0,0,0
1,0,0,1,0,0,0,1
1,1,1,0,1,0,0,1
1,1,1,0,0,1,0,1
1,1,1,0,0,0,0,0
1,0,0,1,1,0,1,1
1,0,0,1,0,1,0,1
0,1,0,0,1,0,0,1
1,1,0,1,0,1,1,1
0,1,0,0,1,0,0,1
0,0,1,1,1,0,0,1
1,0,0,1,0,0,0,1
1,0,0,1,1,0,1,0
0,1,1,1,0,0,0,0
1,1,1,1,0,1,0,0
0,0,0,1,0,1,1,1
1,1,1,1,1,1,1,1
1,1,0,0,1,0,1,1
1,1,0,1,0,0,1,1
1,0,0,1,0,1,0,0
0,0,0,0,0,1,1,1
1,0,1,0,1,1,1,0
0,1,0,1,0,0,1,1
1,0,1,0,0,0,1,1
0,1,0,0,0,1,1,1
0,0,0,1,0,1,1,1
1,1,1,1,0,1,1,0
1,1,1,1,0,1,1,0
1,0,1,0,1,1,1,0
0,1,0,0,0,1,0,1
0,0,1,1,1,0,0,1
1,0,0,1,1,0,1,0
0,1,0,0,0,1,1,1
1,0,1,0,1,1,1,0
1,0,1,1,0,0,1,1
0,1,1,1,0,0,1,1
0,1,0,0,1,1,1,1
1,1,0,0,1,1,0,0
0,1,1,0,1,1,0,0
1,0,1,1,1,0,0,0
0,0,1,0,1,1,1,1
0,1,1,1,1,1,0,1
1,0,0,0,0,0,0,1
0,1,0,1,0,0,1,1
1,0,0,1,1,0,0,0
1,0,1,0,0,0,0,1
0,0,0,1,0,1,0,0
0,1,1,0,1,1,0,1
0,0,1,0,1,0,0,0
0,0,0,0,1,0,1,0
1,0,1,0,0,0,0,1
1,0,1,0,0,1,0,1
0,1,1,0,0,0,1,1
1,0,1,1,1,0,1,1
0,0,1,1,0,1,0,1
0,0,1,1,1,1,1,1
0,1,1,0,0,0,0,0
0,0,1,1,1,1,1,0
1,0,0,1,1,0,0,0
1,0,1,0,1,0,0,1
1,0,1,1,0,1,0,0
0,0,1,1,1,0,0,0
1,0,1,1,1,1,1,0
0,1,0,0,1,1,0,0
0,0,0,0,0,0,0,0
0,0,0,0,1,0,1,1
0,0,0,0,1,1,1,0
0,1,1,1,0,1,1,1
1,1,1,0,1,1,1,0
1,1,1,1,0,1,0,0
1,0,0,1,1,0,1,1
1,0,0,0,1,0,0,0
0,0,1,1,0,1,1,1
0,0,0,1,1,1,0,1
1,0,0,1,1,1,0,0
0,0,0,1,0,1,0,0
0,1,1,0,0,1,0,0
1,0,1,0,1,1,1,0
0,1,1,0,0,1,1,1
0,1,1,0,1,1,1,1
0,1,0,1,0,0,1,1
0,1,0,0,0,0,0,1
1,0,1,1,0,1,0,1
1,1,0,0,1,0,1,1
0,1,1,0,0,1,0,1
0,1,1,1,0,0,0,1
1,1,0,1,0,0,1,1
0,0,1,1,1,1,1,1
1,1,0,0,0,1,1,0
1,0,0,0,1,1,0,0
1,0,0,0,1,0,1,1
0,1,0,1,1,0,1,1
1,1,1,0,1,0,1,0
1,1,1,1,1,1,0,1
0,1,1,0,0,1,1,0
1,0,1,0,0,0,1,0
0,0,0,0,1,0,0,0
1,0,1,1,1,0,1,0
1,0,0,1,1,0,1,1
1,1,0,1,0,0,0,1
1,1,0,1,1,1,0,1
0,1,0,1,0,0,1,0
0,1,1,0,1,1,1,0
0,1,0,1,1,1,1,0
0,0,1,0,1,0,1,0
0,1,1,0,1,1,0,1
1,1,0,1,1,0,0,1
0,0,0,0,1,0,1,1
0,0,0,1,1,1,1,1
1,0,1,1,1,0,0,1
1,0,1,1,1,1,1,1
1,1,0,0,0,0,1,1
0,1,1,0,0,1,0,0
0,0,1,1,1,1,1,1
1,1,0,0,1,1,0,0
0,0,0,1,0,0,1,1
0,0,0,0,0,0,0,1
1,0,1,1,0,0,1,1
1,1,0,1,1,0,0,1
0,0,1,0,1,0,0,0
1,0,1,1,0,0,1,1
0,1,1,0,1,1,1,1
0,0,1,1,0,0,0,0
1,0,1,1,1,0,0,0
0,0,0,1,0,1,1,1
0,0,1,1,1,1,1,1
1,0,0,1,0,0,0,1
0,0,1,1,0,0,1,1
0,1,1,0,0,1,1,0
0,1,0,1,0,0,1,0
0,0,1,0,1,0,1,1
0,0,0,1,0,1,0,0
0,1,1,1,0,1,1,1
1,1,0,0,1,0,1,1
0,1,0,0,1,0,0,0
1,0,1,1,1,1,1,0
1,1,0,0,1,1,0,1
1,1,0,1,1,1,1,1
0,0,0,0,0,1,1,1
1,1,0,1,1,1,1,1
1,0,1,1,0,1,1,1
1,0,1,0,0,0,1,1
1,1,0,0,1,1,1,0
1,1,1,0,1,1,0,0
0,0,0,0,1,0,1,1
0,0,1,1,1,0,1,1
1,1,1,0,0,0,0,0
1,1,1,1,1,0,0,0
1,1,1,0,0,1,1,1
1,1,1,0,0,0,1,1
0,1,0,0,0,1,1,0
1,0,1,0,0,1,1,1
1,0,1,0,1,0,0,0
1,0,0,1,0,0,1,0
1,0,0,0,0,0,1,1
0,1,0,1,0,1,1,0
0,0,0,0,0,1,1,1
0,1,1,0,0,1,0,1
1,0,1,1,1,1,0,0
0,1,1,1,1,0,0,0
1,1,1,0,0,0,1,1
0,1,0,1,0,1,0,1
1,1,0,1,0,0,0,0
0,0,1,1,0,1,1,1
0,0,0,0,0,1,1,1
1,0,1,0,0,0,0,0
0,0,0,1,1,1,0,1
1,0,0,1,1,1,0,1
0,1,0,0,1,0,1,0
0,1,1,0,1,0,0,1
0,0,1,0,0,0,0,1
1,0,1,0,1,0,1,0
1,0,0,0,0,0,1,1
1,0,0,0,0,0,0,0
1,1,0,0,0,0,1,0
1,0,1,1,1,1,0,1
0,1,0,0,1,0,0,1
1,0,0,0,1,0,0,0
0,0,0,0,1,1,0,0
0,0,0,0,0,1,1,0
0,1,1,1,1,1,1,0
1,1,0,0,1,1,0,1
0,0,0,1,0,1,0,0
0,0,1,1,0,0,0,1
0,1,0,0,1,1,0,1
1,0,1,1,0,0,1,0
0,1,1,0,1,1,1,0
1,1,1,1,0,1,1,0
1,1,0,0,1,0,1,0
0,1,0,1,0,1,1,1
0,1,0,0,0,0,0,1
0,1,1,1,1,1,0,1
0,1,0,1,1,1,1,1
1,0,0,0,0,1,1,1
0,0,1,1,1,0,1,1
1,0,0,1,1,1,0,1
0,1,0,0,0,1,0,0
0,1,1,1,0,0,0,1
0,1,0,1,1,0,1,1
1,0,0,0,1,0,1,0
0,1,1,1,1,1,1,1
0,0,1,1,0,1,1,1
1,0,1,0,0,1,0,0
1,1,1,1,0,0,0,1
0,0,0,0,1,1,1,1
0,1,1,1,0,0,0,1
1,1,0,0,0,1,0,1
0,1,1,0,1,1,1,0
1,0,1,0,0,0,0,0
1,0,0,0,1,1,0,1
1,0,1,0,0,0,1,0
1,1,1,1,0,0,1,1
0,1,1,1,0,1,1,0
0,1,0,1,1,0,1,0
1,0,1,0,1,0,0,1
0,1,1,0,1,0,1,0
0,1,0,1,1,0,0,1
1,0,1,1,0,0,0,1
1,0,0,0,0,1,1,0
1,0,1,1,0,1,1,1
0,0,1,0,0,1,1,0
0,1,0,0,1,1,1,0
0,0,0,1,0,0,1,0
1,1,1,0,1,0,1,0
0,1,1,0,1,1,1,1
1,1,1,0,1,0,1,1
0,1,1,1,1,0,1,1
1,0,1,1,1,0,0,1
0,1,0,1,1,0,0,1
0,0,0,0,1,1,0,0
1,0,0,0,1,0,1,1
0,0,0,0,0,1,1,0
0,1,0,1,1,1,0,1
0,1,0,1,0,1,0,0
1,0,1,1,1,0,1,0
0,0,0,0,1,0,0,1
1,1,0,0,0,0,1,1
1,1,0,1,1,0,1,1
1,0,1,1,1,1,1,1
1,0,0,0,1,1,1,1
1,0,0,1,1,0,1,0
0,1,0,1,0,1,0,1
1,0,0,0,1,0,1,0
1,1,1,0,0,0,1,1
1,1,0,1,1,1,0,0
0,0,0,1,1,1,1,1
1,0,0,1,1,1,0,1
1,0,1,1,0,1,0,0
0,1,1,1,0,1,1,0
1,1,1,0,0,0,1,0
1,0,1,0,1,0,0,0
0,0,0,1,0,1,1,0
1,1,1,1,1,1,0,1
1,0,0,1,0,1,0,1
1,1,0,0,1,0,0,0
1,1,0,0,1,1,0,1
0,0,0,0,0,1,1,1
0,0,0,1,0,0,1,1
0,0,1,1,1,0,0,0
0,0,1,0,1,0,0,0
1,1,1,0,0,0,0,1
0,1,1,0,0,0,1,0
0,1,1,1,0,1,1,1
1,1,0,1,1,0,0,0
1,1,0,1,0,1,1,0
0,0,0,0,0,1,1,1
1,0,1,0,1,0,1,1
1,1,0,1,1,1,0,1
0,0,0,0,1,0,1,0
0,0,1,1,1,1,0,0
1,0,1,1,1,0,1,1
1,0,1,1,0,0,1,0
0,0,1,1,0,0,1,1
1,0,0,1,0,0,0,0
1,0,0,1,1,1,0,0
1,0,0,0,0,0,1,1
0,0,1,1,1,0,0,0
1,1,1,0,0,0,1,0
1,0,1,1,1,0,1,0
0,1,1,1,1,1,0,0
1,0,0,0,0,1,0,0
1,0,0,0,0,1,1,1
1,0,0,0,0,0,1,1
0,1,1,0,1,0,0,1
1,0,1,1,1,0,0,0
0,0,1,0,1,1,0,1
0,0,0,1,0,0,1,0
1,0,1,1,0,0,0,1
1,0,1,1,1,0,1,1
1,0,0,1,0,0,1,1
0,1,1,0,1,0,0,0
1,1,1,0,1,0,0,1
0,0,1,0,1,0,0,1
1,0,0,1,0,1,0,0
1,0,1,0,1,1,1,0
1,0,1,1,0,0,1,1
1,1,0,0,1,0,0,1
1,0,1,0,0,1,1,1
0,0,0,1,0,0,0,0
0,1,1,0,1,1,0,0
0,0,0,1,1,0,1,0
0,1,0,1,1,0,1,1
1,0,1,0,1,1,0,1
1,0,0,0,1,0,0,1
0,1,0,0,0,1,0,1
1,1,0,0,1,1,1,1
0,0,1,1,1,0,0,1
1,1,1,1,0,1,1,0
0,1,0,0,1,1,1,1
1,1,0,1,1,1,1,1
1,0,0,1,0,1,0,0
0,1,0,1,0,1,1,1
0,1,1,0,0,1,0,0
0,0,0,0,1,0,0,0
0,1,1,0,0,0,0,0
0,0,1,0,0,1,1,0
0,1,1,0,1,1,1,0
1,0,0,1,1,0,0,0
0,0,1,0,0,1,1,0
1,1,0,1,1,1,1,0
0,0,0,0,1,0,0,0
0,1,0,0,1,0,0,0
0,1,1,0,0,0,1,1
1,1,0,0,1,0,1,0
0,0,1,0,1,1,0,0
1,1,0,1,0,1,0,1
1,0,0,1,0,0,1,1
0,1,0,1,1,1,1,0
0,0,1,1,0,0,1,0
0,1,1,0,1,1,0,0
0,0,1,1,1,0,1,1
0,1,0,0,1,0,0,0
0,0,0,1,0,0,1,0
1,1,0,1,0,0,0,0
0,0,1,1,1,0,0,1
0,1,0,0,1,0,0,1
1,1,1,1,1,0,1,0
1,0,0,1,0,1,0,0
0,0,1,0,0,0,0,0
1,1,1,0,1,0,0,0
0,1,1,1,0,0,0,1
0,1,0,1,1,0,0,1
1,0,0,1,1,1,0,0
0,1,0,0,0,0,0,1
0,1,1,1,0,0,0,0
1,0,1,1,0,1,1,0
0,0,1,0,1,1,1,1
0,0,0,0,0,0,1,1
1,0,0,0,0,1,0,0
0,1,0,1,0,0,1,0
0,0,1,0,0,1,1,0
0,0,1,1,0,0,0,1
1,1,0,0,0,1,0,0
0,0,0,0,1,0,0,1
0,0,0,1,0,1,1,1
0,0,0,1,0,0,0,0
1,1,1,1,0,0,0,1
0,0,0,1,1,0,0,1
1,1,0,1,0,1,0,1
0,1,1,1,1,1,1,0
0,0,0,0,0,1,0,0
0,1,0,1,1,0,0,1
1,1,0,1,0,1,1,0
0,0,0,0,0,0,0,1
1,1,0,0,0,1,1,1
1,1,1,1,0,1,0,1
0,1,0,0,1,0,0,0
0,1,0,1,0,0,1,0
0,1,1,0,0,1,0,1
0,0,0,1,0,0,1,0
1,0,0,1,1,1,1,1
0,0,0,0,0,0,1,0
1,0,1,1,1,1,1,1
1,0,1,1,0,0,1,1
1,0,0,0,1,0,0,0
0,0,1,0,0,0,0,0
1,0,0,1,0,0,1,1
0,1,1,1,1,0,0,0
0,0,1,0,1,0,0,0
1,1,1,0,1,1,0,0
1,0,1,0,1,0,1,0
0,0,1,0,1,1,1,1
1,0,0,0,0,0,0,1
0,0,0,0,0,0,1,1
1,1,0,0,1,0,0,1
1,0,1,0,1,0,1,0
0,1,1,0,1,1,0,0
0,0,1,0,1,1,0,0
0,0,1,1,1,0,1,1
1,1,1,0,1,0,1,1
1,0,1,0,0,0,1,0
0,1,0,0,0,1,1,0
1,0,0,1,0,1,1,0
0,0,1,1,1,1,1,1
0,1,0,0,1,0,1,0
1,1,1,1,0,0,0,0
1,0,0,1,1,1,1,0
1,1,0,0,0,1,0,1
1,1,1,0,1,0,0,0
0,1,0,0,0,0,1,1
1,1,0,0,1,0,1,0
0,0,1,0,1,0,0,0
0,1,1,0,0,1,1,1
1,1,0,0,1,0,1,0
0,0,1,0,0,0,0,1
1,0,1,0,1,1,0,1
1,1,1,1,0,1,0,1
0,1,0,1,1,0,1,0
1,1,1,0,0,0,1,1
0,0,1,1,1,1,1,1
0,0,0,0,0,1,0,1
1,1,0,1,1,1,0,0
1,0,0,0,1,0,0,1
0,0,1,1,1,0,0,0
1,1,0,1,0,0,0,1
0,0,1,1,0,1,1,1
0,1,0,0,0,0,0,0
0,0,1,0,0,0,0,1
0,0,0,1,1,0,1,1
1,0,1,1,0,0,1,0
0,1,0,0,1,1,1,0
0,1,1,0,0,1,0,0
1,0,1,0,0,0,0,1
1,0,1,1,1,0,0,0
0,0,1,1,0,0,1,1
1,0,1,0,1,0,1,0
0,0,1,1,1,1,1,0
0,1,1,1,0,0,1,0
0,1,1,0,0,0,1,0
0,0,1,1,1,0,0,1
0,1,0,0,1,1,0,1
0,1,0,0,0,0,1,0
1,1,0,0,1,0,0,0
1,1,1,1,1,0,0,0
0,1,0,1,0,1,0,1
0,0,1,0,0,0,0,0
0,0,1,1,0,1,1,0
0,0,1,1,0,1,0,0
0,1,1,0,0,0,0,0
1,1,1,0,1,1,1,1
1,1,1,0,0,0,1,1
1,0,0,0,0,0,0,0
0,0,0,1,1,1,0,1
1,1,0,0,1,1,0,0
0,0,1,0,1,1,0,1
1,0,1,1,0,1,0,0
0,0,0,0,0,0,1,1
0,1,0,1,1,0,1,0
1,1,1,0,1,0,0,0
1,1,1,1,1,0,1,1
0,0,0,1,1,1,1,1
1,1,1,1,0,1,0,1
1,0,1,1,1,1,0,1
1,0,1,1,1,1,0,1
0,0,1,0,0,0,0,1
1,0,0,0,0,1,1,0
1,1,0,1,0,0,1,0
0,1,1,1,0,1,0,0
0,0,1,0,0,1,1,1
1,1,1,1,1,0,1,1
0,1,0,0,1,1,1,1
0,1,0,0,1,1,1,1
0,0,0,1,0,1,0,0
0,0,0,1,1,1,0,0
1,1,0,1,1,0,1,1
0,0,1,0,0,1,0,0
0,1,0,0,1,1,0,0
1,0,1,0,1,0,0,1
1,1,1,1,1,1,0,0
0,0,1,1,1,1,0,1
1,1,0,1,0,0,0,1
1,0,1,1,1,0,1,0
1,0,0,1,0,0,1,1
1,1,1,1,1,1,1,0
0,1,0,1,1,0,0,1
0,0,0,1,0,0,1,0
0,1,1,1,1,1,0,0
0,1,1,0,0,1,1,1
0,0,0,1,1,0,1,0
0,1,0,1,1,1,1,1
1,1,1,1,1,0,1,1
0,1,1,0,1,1,1,1
0,1,0,1,1,0,1,0
1,0,0,0,0,1,1,1
1,0,1,0,1,1,0,1
0,1,1,0,0,1,0,0
0,1,0,1,1,1,1,0
1,0,0,1,1,1,0,0
0,0,1,1,1,0,0,1
0,1,1,1,1,0,0,1
1,0,1,0,1,0,0,1
1,1,1,1,1,1,1,0
1,0,0,0,0,0,0,1
1,1,1,0,1,1,0,0
0,0,0,1,0,1,0,0
0,1,0,0,0,1,1,1
0,1,1,0,1,0,0,1
0,1,0,1,1,0,1,0
0,1,0,0,0,1,0,0
0,0,0,1,0,0,0,1
0,0,1,0,1,0,1,1
1,1,0,1,0,1,1,0
0,1,0,0,1,1,1,1
1,0,0,1,0,1,1,0
1,1,1,1,0,0,0,1
1,0,0,0,0,1,1,1
0,0,0,1,0,1,0,0
1,1,1,1,1,1,1,0
1,1,0,1,0,1,1,0
0,1,1,1,1,1,1,0
0,0,0,1,0,0,1,1
0,0,1,0,1,0,0,0
1,1,1,0,1,1,1,0
0,0,0,0,1,1,0,0
0,0,1,0,1,0,0,1
0,0,1,1,1,1,1,0
1,0,1,0,0,0,0,1
1,0,0,0,0,1,1,0
1,0,0,0,1,0,1,1
0,1,1,0,1,1,1,0
1,0,0,0,1,1,1,0
0,0,1,1,1,1,0,1
0,0,1,1,0,0,0,1
0,1,1,0,0,0,0,0
1,1,1,0,0,0,0,0
1,0,0,1,1,0,1,1
0,1,0,0,1,1,0,1
0,0,1,1,1,0,1,1
0,1,0,1,0,0,1,0
0,1,1,0,1,0,1,0
1,0,1,0,1,1,0,1
0,1,1,0,1,1,1,1
1,0,1,0,1,1,0,0
1,0,1,1,0,1,0,0
0,1,0,0,0,1,1,1
1,1,0,0,1,1,1,0
1,1,0,1,1,0,1,1
1,1,0,1,1,1,0,0
0,0,0,0,1,1,1,0
1,0,0,1,1,1,1,0
0,1,1,0,1,0,0,0
0,1,1,1,1,0,1,1
1,0,1,0,0,1,1,1
0,1,0,1,0,1,1,0
0,1,0,1,0,1,1,0
1,1,1,1,0,0,1,1
0,0,0,0,1,0,0,0
1,0,1,1,1,0,1,1
0,1,0,0,1,1,0,1
1,1,1,0,1,1,0,0
0,0,0,1,1,0,1,0
1,1,1,0,1,0,0,0
1,0,0,0,1,0,1,0
0,1,0,0,1,1,1,1
0,0,1,0,1,0,1,0
0,0,0,1,0,1,1,1
1,0,0,0,1,1,1,0
1,1,0,0,1,1,0,0
0,0,1,0,1,1,1,0
1,0,1,1,0,0,0,1
1,0,1,0,0,1,0,0
0,1,0,1,1,1,1,0
1,1,0,0,1,1,0,0
1,1,0,0,0,1,1,0
0,0,1,1,1,1,0,1
0,1,0,1,1,0,1,0
0,0,0,1,1,0,0,1
1,1,0,0,0,1,1,1
1,0,1,0,1,0,1,0
1,1,1,0,0,1,0,0
1,0,0,1,1,1,1,1
0,1,0,0,0,1,1,1
0,1,0,0,1,0,0,0
1,1,0,1,1,0,0,0
0,1,1,0,0,0,1,1
0,1,0,1,0,0,1,1
0,1,0,0,0,0,1,0
1,0,1,0,1,0,0,1
0,1,0,0,0,0,1,1
0,0,0,1,1,1,1,0
0,1,0,0,0,0,1,1
0,1,1,0,0,1,0,1
1,1,1,0,0,1,0,1
0,0,1,0,0,0,0,1
1,1,1,0,0,0,1,0
0,0,0,1,0,1,0,1
1,1,0,1,0,1,1,0
1,1,0,0,1,0,0,1
0,1,0,0,0,0,0,0
1,0,0,1,1,1,1,0
1,0,0,0,1,1,1,1
0,0,1,1,1,1,1,1
0,1,0,1,1,0,1,0
0,0,0,0,1,1,1,0
0,1,0,0,1,1,0,0
1,0,1,1,1,1,0,1
1,0,1,0,0,0,0,0
0,1,0,0,1,1,0,0
0,0,1,0,0,1,1,0
0,1,1,0,0,0,1,1
1,0,0,1,1,0,1,0
1,0,0,1,1,1,1,0
0,0,1,1,1,1,1,1
1,0,1,1,1,1,1,0
0,0,0,0,1,0,0,1
1,1,1,0,1,1,0,1
0,1,1,0,0,0,0,1
0,1,0,0,1,1,0,1
0,1,1,0,1,1,0,0
0,1,0,1,0,0,1,0
0,1,1,1,1,0,0,1
0,0,1,1,0,0,1,0
1,0,0,1,1,1,1,0
0,0,0,0,0,1,0,0
0,0,0,1,1,0,0,1
1,0,0,0,0,1,0,0
1,0,1,0,1,1,1,1
0,1,1,1,0,1,0,1
0,1,1,1,1,1,1,1
1,1,0,0,0,0,1,1
0,0,0,1,0,0,0,0
0,1,1,0,1,1,0,0
0,0,0,0,0,1,0,0
1,1,0,0,1,0,0,1
0,0,1,1,1,1,1,1
1,1,0,0,1,1,0,1
0,0,1,0,0,1,1,0
1,1,0,0,1,1,1,1
0,0,0,0,1,0,0,1
0,0,1,1,0,0,0,1
0,0,1,1,0,0,1,1
0,0,0,0,1,1,0,1
1,0,1,0,0,0,0,0
0,1,0,0,1,1,0,0
0,1,1,0,0,0,1,0
0,1,1,0,0,0,1,0
0,1,0,1,0,0,0,0
0,1,0,0,1,1,0,1
0,1,1,1,1,1,1,0
0,0,1,0,0,0,1,1
1,0,1,0,1,1,0,0
1,0,1,1,0,0,1,0
1,1,1,0,1,0,1,0
0,0,1,0,1,1,0,0
1,1,1,1,1,0,0,1
0,0,1,0,0,0,0,0
0,1,0,0,1,1,0,1
1,0,1,1,1,1,0,1
1,0,1,0,0,1,0,1
1,0,0,0,1,1,0,1
1,1,0,0,1,0,0,0
1,0,1,0,0,0,0,1
1,1,1,1,1,1,0,0
0,0,0,1,0,1,1,1
1,1,1,1,0,0,0,0
0,0,0,1,1,1,1,0
1,0,0,0,0,0,1,1
1,1,1,1,1,0,0,1
0,1,0,1,1,1,0,1
0,0,0,0,0,0,1,1
0,0,0,0,1,0,1,1
1,0,1,0,0,1,1,1
0,1,0,0,1,1,0,0
0,0,1,1,0,0,1,0
1,1,1,1,1,1,0,0
1,1,0,1,0,0,0,0
1,1,1,0,1,1,1,0
0,0,1,0,1,0,0,1
1,1,1,0,0,1,1,0
1,1,0,0,1,0,1,0
0,1,0,0,0,1,0,0
0,1,1,0,0,1,1,0
1,0,1,0,1,0,0,0
1,1,1,0,1,1,1,1
0,0,0,1,0,0,1,0
1,0,0,0,1,0,0,1
1,0,1,1,0,1,0,1
1,1,1,0,1,0,1,0
1,1,0,1,1,0,0,0
0,0,1,0,0,1,1,1
1,0,1,0,1,0,1,1
1,0,0,1,1,0,0,1
0,1,0,0,1,0,0,1
0,0,0,0,0,1,1,0
1,0,0,1,1,0,1,1
0,1,0,0,0,1,1,0
1,0,1,1,1,1,0,0
1,0,1,0,1,0,0,1
1,1,0,0,1,0,1,0
0,1,1,1,1,0,0,1
0,0,0,0,0,1,1,1
1,1,1,1,1,0,0,1
0,0,1,1,0,1,0,1
0,1,1,1,0,0,1,1
0,1,1,1,1,1,1,1
1,1,1,0,0,0,0,1
1,1,0,1,1,1,0,0
1,1,1,1,1,0,0,1
1,1,1,1,1,1,1,1
0,1,1,1,0,1,0,1
1,1,1,0,0,1,1,1
0,0,0,0,1,0,1,1
0,1,1,0,1,1,0,1
0,1,0,0,1,1,0,0
1,0,0,0,1,0,0,1
0,1,0,0,0,1,1,0
1,0,1,0,0,0,0,0
0,0,0,0,1,0,1,0
0,1,0,1,0,1,1,0
1,0,0,0,1,0,1,1
0,0,0,1,1,0,0,1
1,1,1,1,1,0,0,0
0,1,0,1,1,0,0,0
1,0,1,1,0,0,1,0
1,1,0,0,0,0,1,1
0,0,0,1,0,0,0,0
0,0,0,1,1,0,0,0
1,1,1,1,1,0,1,1
1,0,1,0,0,1,0,0
0,0,1,1,0,1,0,1
0,1,1,1,1,0,1,0
1,0,0,1,1,1,0,0
0,1,0,0,1,0,0,1
1,1,0,0,0,0,1,1
1,1,1,0,1,1,1,1
0,1,1,0,0,1,0,0
1,0,0,0,0,0,1,0
1,0,1,0,1,1,1,1
1,0,1,0,1,0,0,1
0,0,0,0,1,1,1,0
1,0,0,0,1,1,1,1
0,0,0,1,1,0,0,1
0,1,1,0,1,1,1,1
0,1,0,0,0,1,0,0
0,1,1,1,1,0,0,1
1,1,0,1,0,1,1,0
1,0,1,0,0,1,1,1
0,1,1,0,1,0,1,1
0,1,1,0,1,1,0,1
1,1,0,1,0,1,1,1
0,1,0,0,1,0,0,1
0,0,1,1,0,0,0,1
0,0,1,0,0,0,1,1
0,1,0,0,0,1,0,0
1,0,1,1,0,0,1,0
1,0,1,1,1,0,1,0
0,0,0,0,0,0,0,1
1,1,0,1,1,0,1,1
0,1,0,0,1,0,0,0
1,1,1,0,1,0,0,1
0,0,1,0,1,0,0,0
0,1,1,1,1,0,1,1
1,0,0,0,1,0,0,1
1,0,0,1,0,1,1,0
0,1,1,0,1,1,1,0
0,1,1,1,0,0,0,1
0,1,1,0,0,1,0,1
0,0,0,1,1,1,0,1
1,0,1,0,0,1,0,1
1,1,0,0,0,1,1,0
1,0,0,0,1,0,1,0
0,1,1,1,0,0,1,1
1,0,0,1,0,1,0,0
0,1,0,1,0,0,1,1
0,0,0,1,1,1,1,1
0,0,0,0,1,1,1,0
1,0,1,1,0,0,1,0
1,0,1,1,0,0,0,1
0,1,0,1,0,0,0,1
1,1,0,0,0,1,0,0
0,0,1,1,1,0,1,0
0,0,0,1,1,1,0,1
0,0,0,0,1,1,1,1
1,1,1,0,0,1,1,0
1,1,0,1,0,0,1,0
0,1,0,1,1,1,1,1
1,1,0,0,0,1,1,1
0,1,0,0,1,0,1,1
1,1,0,1,0,1,0,1
1,1,0,1,1,0,1,1
1,0,0,0,0,0,0,1
1,0,0,1,1,0,1,1
0,0,0,1,0,1,0,1
0,0,0,1,1,0,0,1
1,0,0,1,0,1,1,0
1,0,1,0,0,0,0,0
0,0,0,1,1,0,1,0
0,0,0,0,0,0,1,1
1,0,1,0,0,1,0,0
1,0,1,1,0,1,1,1
0,1,1,0,1,1,1,0
0,1,1,1,1,1,0,0
1,1,0,1,1,0,1,0
1,1,0,0,0,1,1,0
0,1,0,0,1,1,1,0
0,0,1,0,1,0,1,1
0,0,0,1,1,1,0,1
1,1,1,1,1,1,0,0
0,1,1,1,1,0,1,1
0,1,0,1,1,0,0,0
0,1,1,0,0,1,0,0
1,0,1,1,0,0,0,0
0,0,1,0,1,1,1,1
1,1,1,0,0,0,1,1
1,0,0,0,0,0,1,0
1,1,0,0,0,0,1,0
0,1,1,0,0,1,1,0
1,1,1,1,1,1,0,0
0,0,0,0,1,0,0,1
0,1,0,0,1,0,1,0
1,1,0,0,0,0,1,0
0,1,0,0,0,1,0,0
0,1,0,0,1,0,1,1
1,1,0,1,0,1,1,0
0,0,1,1,0,0,1,0
1,1,0,0,0,1,0,1
0,0,0,0,1,0,0,1
0,0,1,0,1,0,0,1
0,0,0,1,0,0,0,0
1,0,1,0,0,0,0,0
1,0,1,0,0,0,1,1
1,0,0,0,0,0,1,1
1,1,1,0,1,0,1,1
1,1,0,1,1,1,0,1
1,1,1,1,0,0,0,1
1,1,1,1,1,0,1,1
1,0,1,0,1,1,0,1
0,1,0,0,0,0,1,0
0,1,0,0,1,1,0,1
0,0,0,0,0,0,0,1
1,1,0,1,1,0,0,1
0,1,1,0,0,1,0,0
1,0,0,1,0,1,0,1
1,1,1,1,1,1,1,0
1,1,0,1,0,1,0,1
0,1,1,1,1,0,0,0
1,1,1,0,0,0,0,0
0,0,1,0,1,1,0,0
0,0,0,0,1,1,0,0
1,1,0,1,1,0,0,1
0,1,0,0,0,0,1,1
1,1,1,0,0,1,1,1
1,1,0,0,0,1,0,0
0,1,0,1,0,0,1,1
0,0,0,1,0,0,1,1
0,1,1,1,1,1,0,1
1,0,0,0,0,1,1,1
1,0,0,0,0,1,1,1
0,1,0,0,1,1,0,1
0,0,0,1,1,0,1,1
0,0,0,1,1,1,1,0
1,0,0,1,0,0,0,1
0,0,1,0,0,0,1,1
0,0,0,1,1,0,1,0
0,0,1,0,0,0,1,1
0,1,1,1,0,1,1,0
0,1,1,1,1,1,1,0
1,1,0,0,1,1,1,0
1,1,0,1,1,1,1,1
0,0,1,1,1,1,0,0
0,1,1,0,1,1,1,0
1,0,0,1,0,0,0,0
0,1,1,1,1,0,0,0
0,0,1,1,0,1,0,1
1,0,0,0,1,1,0,0
1,0,0,0,1,0,1,1
1,0,0,1,0,0,1,1
0,0,0,0,0,1,0,1
1,1,0,1,1,0,0,1
0,1,1,0,0,1,1,0
1,0,0,0,1,0,1,1
0,0,1,1,1,0,0,0
1,1,0,1,1,0,0,1
0,0,0,1,1,0,1,1
0,1,0,0,0,0,1,1
1,1,1,0,0,1,0,0
1,0,0,0,1,1,1,1
1,0,1,1,1,0,1,1
1,1,1,1,0,0,0,1
1,0,0,0,1,0,0,1
1,1,1,0,1,1,1,1
1,0,0,0,0,0,1,1
0,0,1,1,0,0,1,1
1,0,1,0,1,0,1,1
0,0,1,0,1,1,0,0
1,1,1,1,0,0,0,1
0,1,0,0,0,0,0,1
1,0,0,0,0,1,0,1
1,1,0,1,0,0,1,1
1,0,1,0,0,0,1,1
1,1,1,0,0,1,0,0
0,0,1,1,1,0,0,1
0,0,0,0,1,0,0,1
0,1,0,0,1,1,1,1
1,1,1,0,1,0,1,1
0,1,0,0,1,1,0,0
1,1,1,0,0,1,0,1
0,1,0,0,0,0,1,0
0,1,1,0,0,0,1,1
1,0,0,1,1,0,1,1
1,1,0,0,1,1,0,0
0,0,0,1,1,1,1,1
0,0,1,0,0,0,0,0
1,0,0,0,1,1,1,1
1,0,0,0,1,0,1,1
1,1,0,0,1,0,1,1
1,0,1,0,1,0,1,1
1,0,1,0,0,0,1,0
1,1,0,1,0,1,0,1
1,0,1,1,0,0,1,0
1,1,1,1,1,1,1,1
1,1,0,0,1,1,0,0
0,1,0,0,0,1,0,0
0,0,1,1,1,1,1,0
0,0,1,1,1,1,1,1
1,1,0,1,0,0,1,0
1,1,1,1,0,0,1,0
0,0,0,1,0,1,0,0
0,1,1,0,1,0,0,1
0,0,0,0,1,1,1,0
0,0,1,0,0,0,1,1
0,0,1,1,1,0,1,1
1,1,1,1,1,0,1,0
1,0,0,0,1,1,1,0
0,1,1,1,0,0,1,0
1,0,0,0,1,0,1,1
1,1,1,1,1,1,0,0
1,1,1,1,0,0,0,1
1,0,0,1,0,1,1,1
0,1,0,0,1,1,0,1
0,1,0,0,0,0,0,1
0,1,1,1,1,1,1,1
1,0,0,0,0,1,1,1
0,0,0,1,0,1,1,0
0,0,1,1,0,0,1,0
0,1,1,0,0,1,0,0
1,0,0,0,1,0,0,0
1,0,1,1,1,0,0,0
1,1,1,0,1,1,1,0
0,1,0,0,1,0,1,0
1,0,1,1,1,1,0,1
0,0,0,0,1,1,1,1
1,1,1,1,1,1,0,1
0,0,0,0,1,1,0,1
1,1,1,0,1,1,0,1
0,0,0,1,1,0,0,0
0,1,1,0,1,1,1,1
1,1,0,1,0,0,1,1
1,0,1,1,1,0,0,0
1,0,1,0,0,1,1,0
1,0,0,1,0,0,0,0
0,0,0,0,1,0,0,0
0,0,1,1,1,0,0,0
0,0,0,1,1,0,1,1
0,0,1,0,1,1,0,1
1,0,1,0,1,0,0,1
1,1,1,1,0,1,0,0
1,1,0,0,1,1,1,1
0,0,1,1,0,0,1,0
1,0,0,1,1,1,0,0
1,1,1,1,0,1,0,0
1,0,0,1,1,1,0,1
1,0,1,1,1,0,1,0
1,0,1,1,0,0,0,1
1,0,0,1,0,1,1,1
1,1,1,1,1,0,1,0
1,1,1,0,0,1,1,1
0,1,0,1,0,1,0,1
0,0,0,1,1,1,0,1
0,0,0,1,0,0,1,1
0,0,0,0,0,1,1,1
1,1,1,0,1,0,1,0
0,0,1,0,1,0,1,0
0,0,1,1,1,1,1,0
1,1,0,1,1,0,0,1
0,0,1,0,1,0,0,0
1,1,0,1,0,1,1,1
1,0,0,0,1,0,0,1
0,1,1,0,0,1,1,0
1,0,1,1,1,0,1,1
0,1,0,1,1,0,0,1
1,0,0,1,1,0,1,0
1,0,1,0,1,1,1,1
1,0,1,1,0,0,0,1
0,1,1,0,0,0,0,0
0,0,0,1,1,1,0,0
0,1,1,1,0,0,1,1
0,1,0,1,1,1,1,1
0,0,0,1,0,1,0,0
1,0,0,0,1,1,1,1
0,0,1,0,0,0,0,1
1,1,0,1,0,1,1,1
1,0,0,0,1,1,0,1
0,1,0,1,0,1,0,0
1,0,1,1,0,1,1,1
1,0,1,0,1,1,1,0
1,1,0,0,0,1,1,0
1,0,1,0,1,1,1,0
0,0,0,1,1,0,0,0
1,1,0,1,1,0,1,0
0,0,1,1,0,0,1,1
1,0,0,0,0,0,1,1
1,1,0,1,1,0,0,1
0,0,0,0,0,1,0,1
0,1,0,1,0,0,1,0
0,0,0,1,1,1,1,1
0,1,1,0,0,1,0,1
1,0,1,1,0,1,1,1
1,1,0,1,1,0,0,1
1,0,0,0,0,1,0,1
0,1,1,1,1,1,1,1
0,1,1,0,0,1,0,0
0,0,0,1,1,1,0,1
0,1,0,1,0,1,1,1
0,1,1,1,1,1,1,0
1,0,0,1,1,1,0,0
0,1,0,0,1,0,1,1
1,0,1,0,0,1,0,1
0,0,1,1,1,0,0,0
0,0,0,0,0,1,0,0
0,1,1,0,0,1,1,0
0,0,1,0,0,1,0,0
1,1,0,0,1,0,0,1
1,1,1,0,1,1,0,1
1,1,1,0,1,0,0,0
0,0,1,1,1,1,0,1
0,0,1,0,1,1,0,1
0,0,1,0,0,1,0,1
0,1,0,1,1,0,0,0
1,0,1,1,0,0,0,1
0,1,0,0,1,0,1,1
1,0,1,1,1,0,0,1
0,1,0,0,0,1,0,1
1,1,0,0,0,0,0,0
0,1,1,1,0,1,1,1
1,0,1,0,1,1,0,0
1,0,0,1,0,0,1,0
0,0,1,0,0,0,0,0
1,1,1,1,1,0,1,0
0,0,0,0,0,1,0,1
1,1,0,0,0,0,1,1
1,0,0,1,0,1,0,0
1,1,0,0,0,1,0,0
0,0,0,0,1,1,1,1
1,0,1,1,0,1,0,0
0,1,1,1,0,1,0,1
1,1,1,0,0,1,0,1
0,0,1,1,1,1,1,0
1,0,0,0,1,0,0,0
0,1,0,1,1,0,1,1
0,1,1,1,1,0,0,0
1,1,1,1,0,1,1,0
1,1,0,0,0,1,1,0
1,1,1,0,1,0,1,1
0,1,1,1,1,0,1,1
1,1,0,0,1,0,1,0
0,0,0,1,1,1,0,0
1,1,1,1,1,1,0,1
0,1,0,0,0,1,0,0
1,0,0,0,1,1,0,0
1,0,1,1,0,1,0,0